Date,Open,High,Low,Close,Volume,Adj Close
2009-08-20,105.0,107.9,98.5,100.05,96423800,100.05
2009-08-21,99.4,103.9,98.5,103.2,19475100,103.2
2009-08-24,104.6,104.6,101.65,103.05,7606000,103.05
2009-08-25,101.1,103.1,101.0,102.6,4877400,102.6
2009-08-26,102.6,107.15,102.6,105.1,10904200,105.1
2009-08-27,104.9,106.7,103.75,104.45,5225000,104.45
2009-08-28,105.35,105.5,103.6,104.15,2718200,104.15
2009-08-31,102.4,104.5,101.5,102.85,3787100,102.85
2009-09-01,103.25,103.9,100.25,100.85,2086100,100.85
2009-09-02,101.45,102.65,99.85,101.25,2252100,101.25
2009-09-03,101.7,101.9,99.85,100.05,1000500,100.05
2009-09-04,100.1,101.1,97.25,98.6,2074000,98.6
2009-09-07,99.6,101.15,99.0,100.85,1511500,100.85
2009-09-08,102.0,102.5,100.1,101.2,1994400,101.2
2009-09-09,101.0,104.35,100.0,103.2,3758100,103.2
2009-09-10,104.0,104.9,101.5,102.45,2941300,102.45
2009-09-11,103.0,103.9,102.05,103.3,1286300,103.3
2009-09-14,105.0,105.0,101.0,101.8,1258000,101.8
2009-09-15,102.5,102.5,101.3,101.6,1093200,101.6
2009-09-16,102.0,102.65,100.65,100.9,1901400,100.9
2009-09-17,101.45,101.8,100.25,100.8,1078100,100.8
2009-09-18,100.7,101.2,100.1,100.9,962800,100.9
2009-09-21,100.9,100.9,100.9,100.9,0,100.9
2009-09-22,102.1,102.1,100.4,101.15,827300,101.15
2009-09-23,102.0,102.0,100.5,101.3,1192400,101.3
2009-09-24,100.8,101.35,99.8,100.55,978000,100.55
2009-09-25,100.5,101.0,100.15,100.85,1054300,100.85
2009-09-28,100.85,100.85,100.85,100.85,0,100.85
2009-09-29,101.5,102.0,100.5,101.7,1394100,101.7
2009-09-30,102.0,102.15,101.2,101.9,776900,101.9
2009-10-01,101.2,102.7,101.0,102.0,679100,102.0
2009-10-02,102.0,102.0,102.0,102.0,0,102.0
2009-10-05,101.0,101.8,100.5,100.85,380200,100.85
2009-10-06,100.85,101.5,100.0,100.8,422200,100.8
2009-10-07,101.0,101.7,100.5,100.8,400300,100.8
2009-10-08,101.1,104.5,100.5,101.25,1253800,101.25
2009-10-09,101.45,102.5,100.6,101.1,635700,101.1
2009-10-12,101.45,103.85,100.7,102.05,765000,102.05
2009-10-13,102.05,102.05,102.05,102.05,0,102.05
2009-10-14,102.0,103.25,101.2,101.7,552000,101.7
2009-10-15,102.0,102.9,100.0,100.15,1300500,100.15
2009-10-16,100.6,101.3,100.15,100.85,437100,100.85
2009-10-19,100.85,100.85,100.85,100.85,0,100.85
2009-10-20,98.3,101.5,98.3,100.15,810000,100.15
2009-10-21,100.5,100.6,99.6,100.0,488000,100.0
2009-10-22,100.1,100.65,99.7,99.9,228300,99.9
2009-10-23,100.0,102.4,100.0,100.3,393500,100.3
2009-10-26,100.55,100.7,99.1,99.5,253900,99.5
2009-10-27,99.5,100.0,93.65,97.7,633400,97.7
2009-10-28,96.9,97.5,95.0,97.1,497600,97.1
2009-10-29,95.95,96.8,95.0,95.3,137000,95.3
2009-10-30,96.8,100.5,96.2,97.8,672300,97.8
2009-11-02,97.8,97.8,97.8,97.8,0,97.8
2009-11-03,99.0,99.8,95.1,96.2,1848000,96.2
2009-11-04,97.1,97.8,91.5,93.75,1305200,93.75
2009-11-05,93.4,93.95,90.25,90.95,1556000,90.95
2009-11-06,92.0,96.85,91.3,92.65,1263800,92.65
2009-11-09,93.0,94.0,91.15,93.2,442000,93.2
2009-11-10,93.5,95.5,93.5,94.0,281700,94.0
2009-11-11,95.65,95.65,93.25,93.7,244500,93.7
2009-11-12,95.0,95.5,93.6,94.25,358000,94.25
2009-11-13,94.0,95.5,92.5,93.05,313000,93.05
2009-11-16,93.5,94.3,91.75,92.05,838100,92.05
2009-11-17,92.5,93.7,91.6,92.15,316500,92.15
2009-11-18,92.2,94.95,91.6,94.35,577700,94.35
2009-11-19,94.9,97.5,92.6,92.95,925200,92.95
2009-11-20,93.55,93.9,92.8,93.0,188500,93.0
2009-11-23,94.85,95.55,93.2,94.2,313100,94.2
2009-11-24,94.5,96.8,93.55,95.7,472000,95.7
2009-11-25,96.0,96.8,94.55,94.8,285100,94.8
2009-11-26,95.6,96.5,93.4,94.1,232700,94.1
2009-11-27,94.0,94.3,92.5,93.9,187200,93.9
2009-11-30,95.0,95.5,94.0,94.4,105700,94.4
2009-12-01,95.0,95.3,94.5,94.85,83900,94.85
2009-12-02,95.5,98.25,94.05,97.75,407700,97.75
2009-12-03,98.5,99.6,97.45,98.55,354500,98.55
2009-12-04,98.4,99.1,96.7,96.95,184300,96.95
2009-12-07,97.6,98.1,92.0,92.5,532300,92.5
2009-12-08,92.5,94.35,92.5,93.7,205400,93.7
2009-12-09,94.0,95.0,93.4,94.15,230000,94.15
2009-12-10,95.4,96.45,94.25,95.7,320900,95.7
2009-12-11,96.0,96.8,95.1,95.95,293000,95.95
2009-12-14,96.25,96.85,95.15,96.5,141400,96.5
2009-12-15,96.5,98.0,96.1,96.3,171100,96.3
2009-12-16,96.3,96.8,95.5,96.25,65200,96.25
2009-12-17,96.05,97.8,96.05,96.8,151700,96.8
2009-12-18,96.5,97.5,93.55,97.0,3072100,97.0
2009-12-21,97.5,98.9,96.0,97.9,182100,97.9
2009-12-22,98.6,99.9,97.05,97.35,535400,97.35
2009-12-23,97.9,100.5,97.8,98.9,522900,98.9
2009-12-24,99.5,99.95,99.3,99.5,9900,99.5
2009-12-25,98.65,98.65,98.65,98.65,0,98.65
2009-12-28,98.65,98.65,98.65,98.65,0,98.65
2009-12-29,99.0,100.8,98.0,98.15,144200,98.15
2009-12-30,98.6,99.4,97.85,98.45,109700,98.45
2009-12-31,99.3,99.7,98.5,99.1,155100,99.1
2010-01-01,99.1,99.1,99.1,99.1,0,99.1
2010-01-04,99.75,100.0,99.0,99.1,280800,99.1
2010-01-05,99.3,112.35,99.3,105.1,6257500,105.1
2010-01-06,105.9,110.9,105.9,107.5,3335300,107.5
2010-01-07,108.0,108.25,104.75,105.05,766300,105.05
2010-01-08,105.0,106.85,103.3,103.7,529200,103.7
2010-01-11,104.8,107.6,104.0,106.05,918600,106.05
2010-01-12,107.4,107.4,103.2,103.65,712800,103.65
2010-01-13,103.9,104.3,101.6,102.0,487900,102.0
2010-01-14,102.9,103.75,101.15,101.7,1241100,101.7
2010-01-15,102.0,102.4,100.8,101.15,493100,101.15
2010-01-18,101.1,102.0,100.4,100.85,446600,100.85
2010-01-19,101.0,102.0,100.0,100.65,447200,100.65
2010-01-20,101.8,103.4,100.15,101.05,1037800,101.05
2010-01-21,103.3,103.3,99.65,100.65,434600,100.65
2010-01-22,99.8,102.0,98.0,100.7,590400,100.7
2010-01-25,100.0,102.8,100.0,102.0,380600,102.0
2010-01-26,102.0,102.0,102.0,102.0,0,102.0
2010-01-27,102.0,102.9,99.0,99.65,430900,99.65
2010-01-28,100.3,101.5,98.3,98.95,321500,98.95
2010-01-29,97.2,101.6,97.0,100.0,2299100,100.0
2010-02-01,100.15,103.2,100.15,101.9,837500,101.9
2010-02-02,103.1,103.95,99.0,101.55,11850300,101.55
2010-02-03,101.95,105.25,101.0,104.4,6209400,104.4
2010-02-04,105.0,106.4,104.25,104.95,3509100,104.95
2010-02-05,102.8,104.8,101.55,104.05,1167000,104.05
2010-02-08,105.7,108.9,105.0,106.2,1813200,106.2
2010-02-09,106.0,110.0,105.3,108.1,2071800,108.1
2010-02-10,108.65,108.9,106.0,106.6,735300,106.6
2010-02-11,107.6,107.6,106.1,106.85,333300,106.85
2010-02-15,108.5,108.5,105.3,107.5,671700,107.5
2010-02-16,108.0,108.75,107.0,108.05,532500,108.05
2010-02-17,108.55,109.8,106.9,108.25,5201600,108.25
2010-02-18,108.4,108.5,106.6,107.05,261500,107.05
2010-02-19,106.5,107.6,106.05,106.65,257100,106.65
2010-02-22,107.1,108.0,105.5,106.0,286300,106.0
2010-02-23,106.0,107.2,102.8,105.85,198700,105.85
2010-02-24,105.1,106.0,104.8,105.25,122300,105.25
2010-02-25,105.5,107.35,105.0,107.0,386500,107.0
2010-02-26,107.0,108.7,103.0,106.35,912900,106.35
2010-03-02,103.85,106.6,100.85,105.85,1536900,105.85
2010-03-03,106.15,107.2,104.75,106.3,361800,106.3
2010-03-04,106.6,107.8,106.45,107.5,425800,107.5
2010-03-05,107.9,109.0,107.2,108.05,479900,108.05
2010-03-08,109.5,110.9,107.55,107.9,5223300,107.9
2010-03-09,108.0,109.45,107.1,108.9,280200,108.9
2010-03-10,109.1,109.1,107.8,108.05,209900,108.05
2010-03-11,106.6,109.7,106.0,109.3,606600,109.3
2010-03-12,109.0,110.2,108.1,109.8,659900,109.8
2010-03-15,109.5,110.1,108.5,110.0,461700,110.0
2010-03-16,110.0,114.0,109.85,112.85,1016300,112.85
2010-03-17,114.05,115.5,112.1,112.55,937700,112.55
2010-03-18,112.25,114.9,111.7,114.3,493500,114.3
2010-03-19,113.95,115.0,112.8,114.45,554400,114.45
2010-03-22,113.0,114.5,111.8,113.65,531600,113.65
2010-03-23,113.95,115.0,113.5,114.7,701500,114.7
2010-03-25,114.5,115.5,114.45,114.9,480500,114.9
2010-03-26,115.0,117.8,115.0,116.55,2971000,116.55
2010-03-29,117.8,117.8,115.0,115.15,224200,115.15
2010-03-30,115.9,117.5,115.2,115.6,271700,115.6
2010-03-31,116.0,116.8,115.1,115.95,205600,115.95
2010-04-01,116.5,117.0,115.2,115.4,285700,115.4
2010-04-05,115.5,116.8,115.25,116.2,226200,116.2
2010-04-06,116.5,117.3,114.5,117.0,559000,117.0
2010-04-07,117.0,121.95,117.0,119.0,1410900,119.0
2010-04-08,119.0,119.9,113.9,115.4,703100,115.4
2010-04-09,116.2,117.5,115.6,117.1,427600,117.1
2010-04-12,117.95,118.0,115.6,117.05,137200,117.05
2010-04-13,117.0,119.25,116.0,118.65,360500,118.65
2010-04-15,120.0,120.1,116.7,117.9,324700,117.9
2010-04-16,118.0,119.9,116.8,118.15,225100,118.15
2010-04-19,117.0,118.2,115.4,115.85,322300,115.85
2010-04-20,116.1,118.2,116.1,116.85,211800,116.85
2010-04-21,117.3,124.0,117.3,120.6,1837200,120.6
2010-04-22,121.0,121.7,118.15,119.5,292700,119.5
2010-04-23,119.9,121.0,118.5,118.75,178800,118.75
2010-04-26,118.1,121.25,115.05,119.75,162700,119.75
2010-04-27,120.1,120.55,119.2,119.6,372000,119.6
2010-04-28,117.9,120.0,117.2,118.9,286100,118.9
2010-04-29,119.9,123.9,119.25,123.3,8328900,123.3
2010-04-30,123.0,128.8,122.75,125.15,3774400,125.15
2010-05-03,125.6,127.7,124.5,125.55,564300,125.55
2010-05-04,126.7,128.0,121.1,122.15,573000,122.15
2010-05-05,120.35,125.3,119.1,124.8,563900,124.8
2010-05-06,125.05,125.05,121.1,122.65,302900,122.65
2010-05-07,120.0,121.0,114.65,117.15,677500,117.15
2010-05-10,119.4,121.1,118.35,119.95,317600,119.95
2010-05-11,120.5,122.7,118.5,121.0,404400,121.0
2010-05-12,121.0,122.45,118.95,120.15,232900,120.15
2010-05-13,120.5,122.35,120.3,120.95,119800,120.95
2010-05-14,120.5,122.2,119.0,120.7,147600,120.7
2010-05-17,120.0,121.0,118.6,120.5,138600,120.5
2010-05-18,121.5,123.35,120.0,120.7,176800,120.7
2010-05-19,120.05,120.5,117.0,117.55,185700,117.55
2010-05-20,118.0,120.0,117.15,117.6,152600,117.6
2010-05-21,115.75,117.0,114.4,115.55,149200,115.55
2010-05-24,118.0,119.2,116.15,116.55,152700,116.55
2010-05-25,116.5,117.0,114.0,114.45,108700,114.45
2010-05-26,115.45,118.0,114.4,117.05,133900,117.05
2010-05-27,117.3,117.3,115.3,116.3,61600,116.3
2010-05-28,116.0,119.85,116.0,119.25,154800,119.25
2010-05-31,118.1,121.5,118.1,121.05,141800,121.05
2010-06-01,119.65,121.7,118.35,118.7,94400,118.7
2010-06-02,118.0,121.0,118.0,118.85,172700,118.85
2010-06-03,119.3,120.8,118.7,119.2,186400,119.2
2010-06-04,120.0,120.0,118.05,118.25,78700,118.25
2010-06-07,116.2,117.8,115.65,116.95,76800,116.95
2010-06-08,117.55,117.55,115.5,115.8,92600,115.8
2010-06-09,115.8,116.6,114.75,114.95,82400,114.95
2010-06-10,115.25,117.25,115.25,116.85,77600,116.85
2010-06-11,117.25,122.0,117.25,121.05,540500,121.05
2010-06-14,122.5,124.9,122.4,124.25,376700,124.25
2010-06-15,124.25,125.0,121.6,122.05,120500,122.05
2010-06-16,123.0,123.75,122.2,122.85,172600,122.85
2010-06-17,123.0,123.85,120.85,123.1,211000,123.1
2010-06-18,123.75,124.95,122.1,123.0,222700,123.0
2010-06-21,124.3,125.2,123.3,124.8,269000,124.8
2010-06-22,124.8,124.8,121.5,121.95,168000,121.95
2010-06-23,122.55,124.7,121.55,121.85,161000,121.85
2010-06-24,121.85,122.95,119.7,120.05,218100,120.05
2010-06-25,119.3,121.65,119.0,120.05,167900,120.05
2010-06-28,121.8,124.45,120.55,123.95,240400,123.95
2010-06-29,123.0,124.45,122.05,123.55,151800,123.55
2010-06-30,121.65,127.0,121.65,126.4,450300,126.4
2010-07-01,126.0,127.0,125.0,126.4,234200,126.4
2010-07-02,127.5,127.5,124.55,124.85,120000,124.85
2010-07-05,125.0,129.25,124.8,126.2,393100,126.2
2010-07-06,126.0,127.5,125.3,125.75,115800,125.75
2010-07-07,126.4,126.4,123.85,124.1,96000,124.1
2010-07-08,125.85,126.35,124.3,124.95,96600,124.95
2010-07-09,125.15,128.25,124.85,127.5,319100,127.5
2010-07-12,126.6,127.9,124.0,124.9,227900,124.9
2010-07-13,124.95,125.25,122.85,123.1,196300,123.1
2010-07-14,124.45,126.75,123.25,126.3,303200,126.3
2010-07-15,126.25,127.75,125.45,126.9,138100,126.9
2010-07-16,126.0,127.0,125.6,126.5,86200,126.5
2010-07-19,126.0,126.4,125.05,125.9,96700,125.9
2010-07-20,126.0,127.25,124.85,125.35,108000,125.35
2010-07-21,125.35,127.1,125.1,126.2,3146700,126.2
2010-07-22,126.25,128.9,126.15,127.55,521400,127.55
2010-07-23,129.25,133.8,126.55,127.95,2716500,127.95
2010-07-26,129.9,129.9,127.8,128.3,178800,128.3
2010-07-27,128.9,129.5,127.6,128.65,178300,128.65
2010-07-28,129.45,129.45,127.1,127.4,134600,127.4
2010-07-29,127.5,128.7,126.8,127.7,157100,127.7
2010-07-30,127.65,129.45,127.0,127.5,306600,127.5
2010-08-02,129.0,135.25,128.2,134.55,1131800,134.55
2010-08-03,135.5,136.35,133.55,134.3,966500,134.3
2010-08-04,134.9,137.7,134.0,135.85,1324600,135.85
2010-08-05,136.9,137.75,134.8,135.2,422700,135.2
2010-08-06,135.0,136.45,132.55,134.8,358400,134.8
2010-08-09,135.0,136.7,135.0,136.35,133200,136.35
2010-08-10,137.0,141.8,136.5,140.6,832200,140.6
2010-08-11,140.0,144.45,140.0,140.8,515100,140.8
2010-08-12,140.0,143.15,139.15,141.3,291500,141.3
2010-08-13,140.9,142.0,138.2,139.8,647500,139.8
2010-08-16,138.1,141.0,137.4,137.85,236500,137.85
2010-08-17,138.55,139.25,137.0,137.5,191500,137.5
2010-08-18,138.0,139.7,136.45,139.1,252900,139.1
2010-08-19,139.7,140.5,137.05,140.15,525400,140.15
2010-08-20,140.6,141.4,139.1,139.8,671400,139.8
2010-08-23,140.0,143.85,139.1,139.95,745000,139.95
2010-08-24,140.4,142.0,138.2,139.5,269300,139.5
2010-08-25,140.0,140.8,136.05,137.15,381300,137.15
2010-08-26,137.85,139.8,136.6,137.15,285900,137.15
2010-08-27,137.4,138.5,135.2,135.7,232800,135.7
2010-08-30,137.45,137.5,134.85,136.0,279000,136.0
2010-08-31,134.6,136.45,134.0,135.95,140000,135.95
2010-09-01,137.0,138.25,136.55,138.05,153600,138.05
2010-09-02,133.7,135.3,131.2,133.2,688900,133.2
2010-09-03,135.15,136.25,133.2,133.85,315600,133.85
2010-09-06,134.5,136.7,134.0,136.45,279700,136.45
2010-09-07,136.9,138.2,135.5,137.35,237600,137.35
2010-09-08,140.0,142.0,138.5,140.5,742900,140.5
2010-09-09,141.1,141.1,138.25,138.9,200000,138.9
2010-09-13,141.0,144.5,139.65,143.25,672300,143.25
2010-09-14,144.0,144.55,140.6,141.2,244900,141.2
2010-09-15,142.4,142.95,139.8,140.65,299000,140.65
2010-09-16,140.0,141.2,138.8,139.35,268100,139.35
2010-09-17,140.0,140.0,137.5,138.15,258700,138.15
2010-09-20,139.0,141.75,137.3,139.2,233700,139.2
2010-09-21,139.95,140.9,137.5,138.15,161900,138.15
2010-09-22,138.2,138.95,136.3,137.25,128200,137.25
2010-09-23,137.9,137.9,136.2,136.55,79200,136.55
2010-09-24,137.0,137.65,135.5,136.0,146200,136.0
2010-09-27,138.0,138.0,135.2,135.8,195900,135.8
2010-09-28,135.5,136.0,134.1,134.85,141300,134.85
2010-09-29,135.0,135.75,134.5,135.0,179100,135.0
2010-09-30,135.0,135.0,133.55,134.1,101300,134.1
2010-10-01,134.4,135.25,133.5,134.35,341600,134.35
2010-10-04,135.5,135.9,133.0,133.35,450900,133.35
2010-10-05,133.9,138.2,133.0,137.2,495700,137.2
2010-10-06,138.05,139.95,135.55,136.6,336800,136.6
2010-10-07,136.15,138.5,136.15,137.1,227800,137.1
2010-10-08,138.4,139.0,135.15,135.9,216500,135.9
2010-10-11,137.7,140.5,137.1,137.55,273700,137.55
2010-10-12,137.7,138.0,134.5,135.45,137100,135.45
2010-10-13,135.0,136.55,134.8,135.05,128900,135.05
2010-10-14,135.1,136.45,133.7,134.25,123600,134.25
2010-10-15,134.75,134.95,133.0,133.4,112600,133.4
2010-10-18,133.95,134.0,130.3,132.6,162300,132.6
2010-10-19,132.0,135.0,132.0,133.45,93800,133.45
2010-10-20,128.0,135.1,128.0,133.7,82000,133.7
2010-10-21,134.35,134.75,133.5,134.05,77600,134.05
2010-10-22,134.4,134.9,133.6,134.1,73900,134.1
2010-10-25,135.0,135.95,134.0,134.3,185500,134.3
2010-10-26,134.55,135.0,132.2,132.45,111300,132.45
2010-10-27,132.75,133.2,131.0,131.35,93300,131.35
2010-10-28,133.0,133.0,128.0,128.65,292300,128.65
2010-10-29,128.0,130.3,127.55,128.85,149400,128.85
2010-11-01,130.0,132.5,129.3,131.0,45500,131.0
2010-11-02,131.85,133.7,131.1,132.7,103300,132.7
2010-11-03,133.5,139.9,133.1,139.3,492800,139.3
2010-11-04,139.3,142.4,137.5,140.65,435600,140.65
2010-11-05,142.9,142.9,140.0,141.1,136400,141.1
2010-11-08,142.9,142.9,138.7,141.15,121900,141.15
2010-11-09,141.5,142.6,140.25,141.65,207200,141.65
2010-11-10,141.0,142.4,139.25,139.9,100700,139.9
2010-11-11,140.0,142.2,135.0,137.2,175400,137.2
2010-11-12,137.8,144.4,137.15,137.7,514700,137.7
2010-11-15,137.8,142.2,137.0,139.2,287900,139.2
2010-11-16,139.5,141.7,135.0,136.8,273100,136.8
2010-11-18,137.1,141.0,136.0,138.0,260400,138.0
2010-11-19,139.0,139.9,136.3,137.0,126200,137.0
2010-11-22,138.4,142.65,136.0,140.85,305400,140.85
2010-11-23,140.0,140.9,136.85,138.75,221700,138.75
2010-11-24,139.7,141.5,137.1,138.3,261000,138.3
2010-11-25,139.9,140.0,135.0,137.9,221600,137.9
2010-11-26,137.0,138.15,121.0,130.1,594900,130.1
2010-11-29,130.0,133.8,127.6,131.7,263100,131.7
2010-11-30,128.75,137.0,124.7,136.05,236100,136.05
2010-12-01,136.05,139.8,135.9,137.05,165100,137.05
2010-12-02,138.9,139.35,134.8,135.65,114700,135.65
2010-12-03,137.0,137.5,129.6,132.25,146100,132.25
2010-12-06,132.25,134.25,131.0,131.75,115600,131.75
2010-12-07,131.5,133.7,130.5,131.05,93400,131.05
2010-12-08,131.1,132.25,128.8,129.3,98200,129.3
2010-12-09,129.0,129.7,123.05,124.65,167400,124.65
2010-12-10,123.5,127.0,123.5,124.85,330100,124.85
2010-12-13,125.05,126.7,124.05,125.05,198900,125.05
2010-12-14,126.0,127.0,124.15,124.85,199000,124.85
2010-12-15,125.0,126.85,124.4,124.8,242400,124.8
2010-12-16,125.95,125.95,124.1,124.95,109100,124.95
2010-12-20,125.0,125.75,124.0,124.7,59600,124.7
2010-12-21,126.0,126.0,122.15,124.7,313500,124.7
2010-12-22,125.0,126.0,124.1,124.55,129800,124.55
2010-12-23,126.0,127.45,124.15,126.35,624700,126.35
2010-12-24,126.9,128.4,124.4,127.5,317500,127.5
2010-12-27,128.0,128.5,126.75,127.2,85000,127.2
2010-12-28,128.0,128.85,126.9,128.5,153100,128.5
2010-12-29,129.0,130.45,128.45,129.95,238800,129.95
2010-12-30,129.0,131.25,129.0,130.0,550900,130.0
2010-12-31,130.5,132.35,129.8,130.1,224000,130.1
2011-01-03,131.0,131.85,129.55,130.1,414800,130.1
2011-01-04,130.15,131.0,129.2,129.95,309900,129.95
2011-01-05,130.75,131.5,128.8,129.9,107100,129.9
2011-01-06,130.5,130.7,129.0,129.85,62800,129.85
2011-01-07,130.0,130.35,126.1,126.85,93700,126.85
2011-01-10,127.3,127.3,124.0,124.25,161500,124.25
2011-01-11,124.25,125.05,121.5,122.9,235700,122.9
2011-01-12,124.0,124.0,120.5,122.25,388900,122.25
2011-01-13,123.25,124.2,121.7,123.55,487000,123.55
2011-01-14,124.4,124.5,120.55,122.25,142400,122.25
2011-01-17,121.75,123.5,120.05,122.9,106100,122.9
2011-01-18,123.0,124.9,122.25,124.4,82700,124.4
2011-01-19,124.9,125.0,123.35,123.95,93500,123.95
2011-01-20,124.0,124.5,121.95,124.15,87700,124.15
2011-01-21,123.85,124.45,123.5,123.8,118800,123.8
2011-01-24,124.25,126.0,123.0,125.65,56800,125.65
2011-01-25,123.1,127.8,123.1,126.45,103100,126.45
2011-01-27,126.5,129.5,125.1,125.85,108700,125.85
2011-01-28,126.9,127.0,121.75,123.95,87300,123.95
2011-01-31,122.0,125.0,121.1,123.4,121600,123.4
2011-02-01,124.0,125.25,123.5,124.1,403300,124.1
2011-02-02,124.1,125.25,123.2,124.65,106600,124.65
2011-02-03,124.05,127.65,123.55,126.1,113700,126.1
2011-02-04,126.5,127.75,121.55,123.15,145700,123.15
2011-02-07,124.4,124.6,123.0,124.15,75100,124.15
2011-02-08,125.0,125.8,119.0,122.7,664200,122.7
2011-02-09,123.0,124.5,114.3,115.35,585300,115.35
2011-02-10,114.95,117.35,113.6,116.5,281700,116.5
2011-02-11,116.5,117.1,116.0,116.95,191900,116.95
2011-02-14,118.2,122.3,117.25,120.15,144800,120.15
2011-02-15,120.8,122.65,120.0,121.9,105300,121.9
2011-02-16,122.85,124.05,121.75,122.6,102200,122.6
2011-02-17,123.0,123.45,122.4,122.9,66800,122.9
2011-02-18,123.8,123.8,122.0,122.3,107800,122.3
2011-02-21,122.55,123.85,122.2,122.9,73100,122.9
2011-02-22,122.0,123.75,122.0,122.8,39100,122.8
2011-02-23,122.75,123.35,120.8,122.3,37800,122.3
2011-02-24,122.5,123.0,116.15,119.05,146800,119.05
2011-02-25,119.4,120.5,116.8,118.35,82600,118.35
2011-02-28,119.95,120.95,118.25,118.9,78300,118.9
2011-03-01,118.9,118.9,116.15,116.7,170800,116.7
2011-03-03,116.0,116.7,111.6,112.8,278600,112.8
2011-03-04,114.0,116.0,109.2,110.35,436100,110.35
2011-03-07,110.5,110.5,108.25,109.2,189700,109.2
2011-03-08,109.5,111.85,109.5,111.35,282400,111.35
2011-03-09,112.0,112.45,108.55,111.65,218200,111.65
2011-03-10,111.95,113.5,110.6,113.05,126600,113.05
2011-03-11,113.0,113.5,109.4,111.35,151200,111.35
2011-03-14,111.35,113.25,110.55,113.05,106800,113.05
2011-03-15,111.9,111.9,107.5,111.2,143800,111.2
2011-03-16,111.35,113.7,111.35,113.1,99600,113.1
2011-03-17,112.9,113.0,111.3,112.65,44500,112.65
2011-03-18,113.4,113.4,110.4,110.75,76500,110.75
2011-03-21,111.1,111.95,110.15,110.6,37200,110.6
2011-03-22,110.8,111.25,110.15,110.9,313100,110.9
2011-03-23,110.7,112.1,110.6,111.75,36500,111.75
2011-03-24,112.25,112.8,111.0,112.4,57300,112.4
2011-03-25,113.0,113.45,112.25,113.1,68800,113.1
2011-03-28,112.65,113.0,111.75,112.1,60900,112.1
2011-03-29,112.5,112.6,111.3,111.8,88100,111.8
2011-03-30,112.0,112.4,111.65,112.0,46700,112.0
2011-03-31,112.5,113.3,111.75,112.8,56900,112.8
2011-04-01,113.0,117.15,112.55,115.75,143600,115.75
2011-04-04,116.6,118.5,116.0,118.25,130200,118.25
2011-04-05,118.7,119.6,116.7,118.65,124700,118.65
2011-04-06,118.7,121.5,117.55,119.1,214900,119.1
2011-04-07,118.5,120.75,118.0,119.7,103500,119.7
2011-04-08,120.55,120.7,118.05,118.55,54800,118.55
2011-04-11,118.7,118.7,116.4,117.1,63300,117.1
2011-04-13,116.0,118.5,115.4,117.65,69300,117.65
2011-04-15,118.2,118.5,116.1,116.45,47800,116.45
2011-04-18,116.1,117.4,114.5,114.75,60200,114.75
2011-04-19,115.95,115.95,114.5,115.1,40800,115.1
2011-04-20,115.5,117.0,115.2,116.35,36900,116.35
2011-04-21,118.0,119.0,115.0,115.6,65800,115.6
2011-04-25,115.6,115.95,114.15,114.75,67900,114.75
2011-04-26,114.75,115.4,113.2,113.7,62800,113.7
2011-04-27,114.75,114.75,112.5,112.9,50500,112.9
2011-04-28,114.0,115.0,112.55,112.95,120000,112.95
2011-04-29,113.15,114.1,112.1,112.45,81200,112.45
2011-05-02,113.7,113.7,108.3,109.75,183700,109.75
2011-05-03,109.75,110.8,108.7,109.65,51100,109.65
2011-05-04,110.3,110.3,107.7,108.75,106400,108.75
2011-05-05,108.0,108.75,107.1,107.6,92400,107.6
2011-05-06,108.5,108.8,107.2,107.8,78800,107.8
2011-05-09,108.05,111.7,106.1,110.25,902800,110.25
2011-05-10,111.0,113.3,111.0,112.2,318800,112.2
2011-05-11,112.8,114.6,112.4,114.25,154600,114.25
2011-05-12,114.0,115.5,113.1,113.45,115800,113.45
2011-05-13,113.5,115.15,113.4,114.1,80100,114.1
2011-05-16,113.5,115.5,113.5,114.9,98200,114.9
2011-05-17,114.9,115.2,111.6,113.7,96200,113.7
2011-05-18,113.7,114.1,112.55,113.4,45700,113.4
2011-05-19,114.0,114.65,111.5,112.3,55900,112.3
2011-05-20,112.0,113.05,111.9,112.65,44800,112.65
2011-05-23,112.45,114.4,111.6,112.05,43400,112.05
2011-05-24,112.05,113.5,111.5,112.1,42700,112.1
2011-05-25,112.5,112.85,110.05,111.15,44800,111.15
2011-05-26,110.6,112.4,110.6,111.75,31700,111.75
2011-05-27,112.5,114.45,111.1,113.85,99600,113.85
2011-05-30,114.0,115.25,111.9,114.0,81400,114.0
2011-05-31,114.5,116.0,114.1,115.5,79800,115.5
2011-06-01,116.0,116.25,115.2,115.55,63800,115.55
2011-06-02,115.55,116.0,114.15,115.1,50600,115.1
2011-06-03,116.0,117.45,113.35,113.5,49300,113.5
2011-06-06,113.95,114.2,110.8,112.7,101400,112.7
2011-06-07,114.2,116.25,113.5,115.7,160800,115.7
2011-06-08,116.0,116.0,112.75,113.3,120500,113.3
2011-06-09,113.0,114.1,112.5,112.75,47300,112.75
2011-06-10,113.1,113.45,111.35,111.55,76000,111.55
2011-06-13,110.3,111.5,108.0,110.95,196700,110.95
2011-06-14,109.85,113.0,109.3,112.55,78600,112.55
2011-06-15,112.8,113.4,111.15,111.4,28200,111.4
2011-06-16,111.4,113.15,111.0,111.45,62300,111.45
2011-06-17,111.7,112.15,109.5,109.7,50300,109.7
2011-06-20,110.5,110.5,107.0,107.8,91300,107.8
2011-06-21,108.6,109.25,107.0,107.35,78600,107.35
2011-06-22,108.4,108.85,106.1,106.95,49900,106.95
2011-06-23,106.1,110.25,105.75,109.85,211800,109.85
2011-06-24,110.0,112.0,109.7,110.8,90800,110.8
2011-06-27,112.1,113.1,109.85,110.2,182500,110.2
2011-06-28,110.2,111.0,109.1,109.85,65300,109.85
2011-06-29,110.9,111.2,109.5,110.05,51600,110.05
2011-06-30,110.05,110.95,109.0,110.0,215800,110.0
2011-07-01,110.15,110.25,109.45,109.75,84600,109.75
2011-07-04,110.1,111.0,109.6,109.75,60700,109.75
2011-07-05,110.0,111.8,109.85,110.55,127400,110.55
2011-07-06,110.7,111.45,109.95,110.05,146600,110.05
2011-07-07,111.0,111.25,110.15,110.5,81400,110.5
2011-07-08,111.2,111.2,108.6,108.95,84000,108.95
2011-07-11,108.95,109.25,107.5,107.9,72500,107.9
2011-07-12,107.9,109.5,107.05,108.65,104600,108.65
2011-07-13,109.25,110.5,109.0,109.75,43700,109.75
2011-07-14,109.75,112.0,109.55,111.2,138400,111.2
2011-07-15,112.05,114.65,110.95,113.6,392600,113.6
2011-07-18,114.9,115.4,113.05,113.45,170400,113.45
2011-07-19,113.9,115.0,112.75,113.2,96200,113.2
2011-07-20,114.4,114.4,111.5,111.9,57900,111.9
2011-07-21,112.2,113.5,111.25,112.65,116000,112.65
2011-07-22,113.0,113.75,112.1,112.65,109400,112.65
2011-07-25,113.4,114.8,111.6,113.25,189000,113.25
2011-07-26,114.0,115.0,112.55,113.8,125300,113.8
2011-07-27,113.95,114.4,112.55,113.15,73100,113.15
2011-07-28,113.0,113.2,112.05,112.35,40400,112.35
2011-07-29,112.6,113.25,93.65,99.25,1886200,99.25
2011-08-01,102.0,106.0,99.9,103.25,1214300,103.25
2011-08-02,103.0,105.7,101.15,102.85,580100,102.85
2011-08-03,101.0,102.55,99.7,101.0,229100,101.0
2011-08-04,102.5,103.5,92.2,93.55,3808000,93.55
2011-08-05,90.1,91.65,89.0,90.55,909900,90.55
2011-08-08,90.0,92.7,85.1,91.3,626400,91.3
2011-08-09,88.0,92.4,86.5,91.6,531100,91.6
2011-08-10,92.45,95.0,92.45,93.85,262200,93.85
2011-08-11,93.5,94.5,91.2,93.7,172900,93.7
2011-08-12,94.9,95.3,93.3,94.05,187900,94.05
2011-08-16,94.05,94.05,87.0,88.85,269800,88.85
2011-08-17,88.45,91.45,86.25,90.0,423700,90.0
2011-08-18,91.0,91.0,83.55,85.85,565100,85.85
2011-08-19,84.85,85.55,82.75,84.7,243200,84.7
2011-08-22,84.65,85.25,83.5,84.45,143000,84.45
2011-08-23,84.6,91.95,83.95,89.5,330100,89.5
2011-08-24,90.0,91.0,88.15,88.75,128100,88.75
2011-08-25,88.5,92.5,85.55,90.75,213900,90.75
2011-08-26,89.55,89.55,85.0,85.9,151500,85.9
2011-08-29,86.0,91.35,85.45,89.8,149100,89.8
2011-08-30,89.0,93.0,89.0,91.65,106100,91.65
2011-09-02,91.95,92.7,88.4,88.95,97200,88.95
2011-09-05,89.25,91.3,86.95,89.25,94300,89.25
2011-09-06,89.6,89.75,87.0,88.1,109900,88.1
2011-09-07,88.9,94.4,88.3,93.95,348400,93.95
2011-09-08,93.1,94.0,90.25,91.85,177000,91.85
2011-09-09,91.6,92.5,88.5,88.8,148100,88.8
2011-09-12,87.0,87.9,83.05,84.05,283700,84.05
2011-09-13,84.25,85.75,83.75,84.3,246000,84.3
2011-09-14,84.5,84.5,82.1,84.1,167600,84.1
2011-09-15,84.0,86.4,83.8,85.5,189500,85.5
2011-09-16,86.0,87.4,85.25,86.35,152300,86.35
2011-09-19,86.0,87.75,85.3,85.65,89700,85.65
2011-09-20,85.9,88.2,85.05,87.8,110500,87.8
2011-09-21,88.4,89.35,87.75,88.9,90800,88.9
2011-09-22,88.5,88.5,83.25,83.9,197200,83.9
2011-09-23,81.0,85.5,81.0,84.45,150000,84.45
2011-09-26,83.1,86.25,83.1,84.75,73900,84.75
2011-09-27,84.9,86.95,84.9,86.45,72500,86.45
2011-09-28,86.9,87.15,83.25,83.5,123400,83.5
2011-09-29,83.5,88.5,82.1,87.35,238900,87.35
2011-09-30,86.0,87.5,84.5,85.6,107600,85.6
2011-10-03,84.0,84.6,83.0,83.95,66700,83.95
2011-10-04,83.4,85.2,80.85,81.5,128000,81.5
2011-10-05,81.6,82.9,80.05,80.25,122000,80.25
2011-10-07,81.5,82.95,75.8,78.15,483100,78.15
2011-10-10,78.1,79.5,76.1,78.55,1712700,78.55
2011-10-11,79.35,80.0,78.0,78.3,145800,78.3
2011-10-12,78.4,79.7,78.1,78.95,104900,78.95
2011-10-13,79.45,84.05,79.45,83.65,294900,83.65
2011-10-14,83.65,84.55,81.6,83.45,166100,83.45
2011-10-17,83.4,84.75,82.1,82.35,75800,82.35
2011-10-18,80.55,83.85,80.55,82.45,48900,82.45
2011-10-19,82.85,85.9,82.6,85.15,180700,85.15
2011-10-20,84.7,86.15,83.2,85.7,120900,85.7
2011-10-21,85.7,87.0,83.35,83.75,108000,83.75
2011-10-24,84.6,85.9,83.0,83.2,89600,83.2
2011-10-25,83.5,85.3,81.6,84.25,126100,84.25
2011-10-26,84.25,85.5,82.0,84.55,24300,84.55
2011-10-28,86.0,88.6,85.5,87.25,165900,87.25
2011-10-31,87.85,88.7,87.2,88.15,106400,88.15
2011-11-01,87.1,89.8,86.2,86.7,119700,86.7
2011-11-02,86.0,87.9,85.0,86.85,68700,86.85
2011-11-03,86.15,87.85,84.65,85.7,112600,85.7
2011-11-04,87.0,87.15,85.5,85.85,86300,85.85
2011-11-08,86.85,86.9,85.4,85.75,44900,85.75
2011-11-09,86.5,88.3,84.35,84.8,172700,84.8
2011-11-11,85.0,85.3,80.75,82.65,507300,82.65
2011-11-14,84.0,84.2,81.55,82.0,79300,82.0
2011-11-15,82.0,82.0,77.9,78.35,184900,78.35
2011-11-16,78.5,78.9,75.1,76.75,161800,76.75
2011-11-17,76.5,78.25,75.0,75.7,135600,75.7
2011-11-18,75.5,75.5,70.3,74.2,412500,74.2
2011-11-21,75.0,76.9,72.9,75.75,110600,75.75
2011-11-22,75.75,77.1,74.0,74.6,90100,74.6
2011-11-23,74.25,74.25,71.5,71.8,90300,71.8
2011-11-24,72.75,75.0,71.05,73.65,103800,73.65
2011-11-25,73.55,74.0,71.1,71.7,84300,71.7
2011-11-28,72.9,73.6,72.3,72.85,85500,72.85
2011-11-29,73.0,74.5,71.55,72.1,94800,72.1
2011-11-30,72.1,72.9,70.0,71.15,138400,71.15
2011-12-01,72.6,74.5,70.45,71.55,119500,71.55
2011-12-02,72.0,73.55,71.2,73.25,91500,73.25
2011-12-05,73.0,76.75,73.0,76.25,197700,76.25
2011-12-06,76.25,76.25,76.25,76.25,0,76.25
2011-12-07,77.5,79.5,76.8,77.1,140000,77.1
2011-12-08,75.3,77.7,74.55,75.7,84600,75.7
2011-12-09,74.0,75.6,74.0,74.35,35000,74.35
2011-12-12,74.7,75.6,72.0,72.95,47200,72.95
2011-12-13,72.75,73.0,71.1,72.1,49100,72.1
2011-12-14,72.0,76.15,69.15,73.65,229700,73.65
2011-12-15,72.3,74.8,71.45,74.4,119400,74.4
2011-12-16,75.0,75.75,71.5,71.9,66100,71.9
2011-12-19,73.0,73.0,70.0,70.95,62000,70.95
2011-12-20,71.0,71.0,67.0,68.0,152200,68.0
2011-12-21,69.0,69.65,66.4,68.05,112300,68.05
2011-12-22,67.55,68.4,66.35,67.65,107200,67.65
2011-12-23,68.5,68.9,67.1,67.85,125700,67.85
2011-12-26,68.5,68.55,67.6,68.1,52200,68.1
2011-12-27,67.75,68.45,67.0,67.2,48000,67.2
2011-12-28,66.6,66.6,61.5,62.15,441800,62.15
2011-12-29,62.5,63.8,59.4,63.35,377100,63.35
2011-12-30,63.85,64.15,61.9,62.3,95400,62.3
2012-01-02,62.0,63.6,61.45,62.6,50500,62.6
2012-01-03,63.5,66.9,63.0,66.25,131800,66.25
2012-01-04,68.1,69.1,65.0,65.35,215300,65.35
2012-01-05,65.0,65.5,63.2,64.3,115100,64.3
2012-01-06,64.0,65.25,63.6,64.55,70500,64.55
2012-01-09,64.95,66.35,64.2,65.35,92600,65.35
2012-01-10,65.8,69.6,65.8,69.1,237100,69.1
2012-01-11,70.5,81.5,68.85,77.15,1426400,77.15
2012-01-12,77.75,83.1,75.7,81.05,992700,81.05
2012-01-13,81.75,84.5,80.0,80.7,611500,80.7
2012-01-16,80.0,82.3,75.25,80.05,671800,80.05
2012-01-17,80.45,86.6,80.45,83.0,861600,83.0
2012-01-18,84.2,86.25,82.0,82.5,571100,82.5
2012-01-19,83.35,89.2,82.3,88.05,910400,88.05
2012-01-20,88.7,89.7,86.0,87.7,499000,87.7
2012-01-23,88.2,89.95,87.0,88.25,355200,88.25
2012-01-24,88.9,89.7,87.5,88.95,292800,88.95
2012-01-25,90.5,91.8,87.7,88.55,446900,88.55
2012-01-26,88.55,88.55,88.55,88.55,0,88.55
2012-01-27,88.05,89.15,83.9,84.15,483800,84.15
2012-01-30,83.5,84.15,78.05,78.95,297100,78.95
2012-01-31,79.0,81.4,78.25,80.3,302000,80.3
2012-02-01,80.9,83.8,80.0,82.85,344200,82.85
2012-02-02,84.45,84.8,82.1,82.45,260400,82.45
2012-02-03,83.0,83.25,80.1,80.45,218200,80.45
2012-02-06,82.0,84.3,78.65,82.15,2037800,82.15
2012-02-07,81.95,81.95,73.65,74.4,1860100,74.4
2012-02-08,74.8,76.15,72.5,73.25,763300,73.25
2012-02-09,73.5,73.5,70.2,70.7,1313200,70.7
2012-02-10,73.0,73.45,70.5,72.2,1270200,72.2
2012-02-13,72.5,72.6,69.35,69.7,822200,69.7
2012-02-14,70.0,71.5,69.3,69.55,881100,69.55
2012-02-15,68.0,80.8,68.0,78.65,5710900,78.65
2012-02-16,80.2,86.05,80.0,81.55,6187900,81.55
2012-02-17,82.8,90.2,82.3,85.0,5518300,85.0
2012-02-20,85.0,85.0,85.0,85.0,0,85.0
2012-02-21,86.05,93.3,85.25,91.8,4391600,91.8
2012-02-22,92.5,96.7,82.35,83.35,4321500,83.35
2012-02-23,83.0,87.15,80.15,83.75,3869700,83.75
2012-02-24,84.4,86.25,80.5,81.65,2763200,81.65
2012-02-27,81.0,82.7,72.35,73.2,2885500,73.2
2012-02-28,73.95,78.25,73.75,77.4,2467300,77.4
2012-02-29,79.1,79.8,74.6,75.9,2372200,75.9
2012-03-01,75.5,78.95,73.5,78.2,2942900,78.2
2012-03-02,79.25,79.25,75.7,76.5,2058300,76.5
2012-03-05,78.85,78.85,75.4,75.85,1358500,75.85
2012-03-06,75.8,77.25,72.45,72.9,1032500,72.9
2012-03-07,72.25,74.65,71.0,74.15,1254200,74.15
2012-03-08,78.2,78.2,78.2,78.2,0,78.2
2012-03-09,75.5,76.8,72.8,75.55,1483900,75.55
2012-03-12,76.75,77.0,75.0,75.25,573800,75.25
2012-03-13,76.5,77.25,74.55,74.8,1569900,74.8
2012-03-14,76.25,77.0,74.8,75.15,1326300,75.15
2012-03-15,75.15,76.85,73.3,75.65,1995700,75.65
2012-03-16,76.25,78.8,72.5,73.0,5110500,73.0
2012-03-19,69.7,74.0,68.75,69.3,2589500,69.3
2012-03-20,69.6,70.4,65.85,66.55,3427000,66.55
2012-03-21,66.5,68.6,65.3,67.9,2451600,67.9
2012-03-22,67.9,68.05,63.85,64.35,2604700,64.35
2012-03-23,64.0,68.55,64.0,67.95,2427500,67.95
2012-03-26,68.0,68.4,65.95,66.4,1133000,66.4
2012-03-27,66.8,69.2,66.75,68.2,1466300,68.2
2012-03-28,68.4,69.25,67.3,67.75,1782400,67.75
2012-03-29,68.5,68.9,66.65,67.35,840100,67.35
2012-03-30,67.65,69.1,67.4,68.3,2490800,68.3
2012-04-02,69.5,70.35,68.7,68.95,1243400,68.95
2012-04-03,69.5,70.75,69.0,70.4,1140800,70.4
2012-04-04,72.2,73.55,71.5,72.5,1799600,72.5
2012-04-05,72.5,72.5,72.5,72.5,0,72.5
2012-04-06,72.5,72.5,72.5,72.5,0,72.5
2012-04-09,72.0,72.45,70.8,71.4,707800,71.4
2012-04-10,71.8,73.0,70.1,72.5,969300,72.5
2012-04-11,71.8,72.9,69.9,70.9,854200,70.9
2012-04-12,71.5,72.7,71.0,71.45,404700,71.45
2012-04-13,71.7,72.7,69.25,69.85,495600,69.85
2012-04-16,70.0,70.6,69.6,70.25,323100,70.25
2012-04-17,72.0,72.0,70.0,71.55,630900,71.55
2012-04-18,72.1,73.85,71.4,72.0,1236700,72.0
2012-04-19,72.5,72.5,70.65,71.0,440700,71.0
2012-04-20,71.1,72.2,68.7,69.2,726200,69.2
2012-04-23,69.0,70.15,67.0,67.2,664800,67.2
2012-04-24,67.9,67.95,66.25,66.5,500800,66.5
2012-04-25,66.8,67.2,64.65,65.55,507400,65.55
2012-04-26,66.15,66.25,62.4,63.35,685600,63.35
2012-04-27,63.35,64.4,62.3,62.85,608300,62.85
2012-04-30,63.8,65.05,63.55,64.15,451700,64.15
2012-05-01,64.5,64.5,64.5,64.5,0,64.5
2012-05-02,64.2,65.2,63.0,63.35,499700,63.35
2012-05-03,63.5,63.8,62.05,62.3,482100,62.3
2012-05-04,62.0,62.85,59.55,60.3,708500,60.3
2012-05-07,60.0,60.0,57.35,58.75,1463100,58.75
2012-05-08,59.1,59.7,55.85,56.4,1053800,56.4
2012-05-09,56.0,56.4,54.15,54.5,889400,54.5
2012-05-10,55.0,55.85,53.6,53.85,652000,53.85
2012-05-11,54.0,54.0,51.65,52.0,934800,52.0
2012-05-14,52.0,52.8,48.75,50.15,1342600,50.15
2012-05-15,49.5,51.55,49.0,51.35,643400,51.35
2012-05-16,51.0,52.6,49.75,51.7,710000,51.7
2012-05-17,58.0,58.0,50.3,50.5,707500,50.5
2012-05-18,49.8,51.35,49.5,51.0,552700,51.0
2012-05-21,51.1,52.45,51.0,51.6,340400,51.6
2012-05-22,52.5,52.6,50.1,50.25,414700,50.25
2012-05-23,50.0,50.4,49.35,49.6,333800,49.6
2012-05-24,48.0,50.55,48.0,50.4,405600,50.4
2012-05-25,50.9,51.6,50.2,50.8,562700,50.8
2012-05-28,51.0,51.45,50.35,51.05,374800,51.05
2012-05-29,51.35,51.55,50.4,50.65,411200,50.65
2012-05-30,50.6,50.65,49.0,49.2,334500,49.2
2012-05-31,49.2,49.4,47.25,47.5,718400,47.5
2012-06-01,47.0,47.4,45.55,45.7,874900,45.7
2012-06-04,45.0,46.3,44.15,45.7,563200,45.7
2012-06-05,45.8,46.6,45.5,45.65,500600,45.65
2012-06-06,46.45,48.1,46.2,47.45,608100,47.45
2012-06-07,47.9,48.4,47.3,47.85,493600,47.85
2012-06-08,47.5,47.6,46.4,47.0,474300,47.0
2012-06-11,47.6,49.6,47.55,48.1,976300,48.1
2012-06-12,47.7,48.6,47.4,48.1,518100,48.1
2012-06-13,48.25,48.9,47.3,47.55,530700,47.55
2012-06-14,47.75,48.45,46.85,47.1,290400,47.1
2012-06-15,47.5,48.35,47.15,48.15,404800,48.15
2012-06-18,48.2,48.9,45.65,46.0,474800,46.0
2012-06-19,46.0,46.3,45.25,45.8,346800,45.8
2012-06-20,46.0,46.6,45.6,46.35,323700,46.35
2012-06-21,46.0,46.55,45.85,46.4,291800,46.4
2012-06-22,46.0,48.1,45.75,47.25,680200,47.25
2012-06-25,47.3,48.2,46.55,46.8,580300,46.8
2012-06-26,47.0,47.0,46.4,46.55,244500,46.55
2012-06-27,46.9,48.25,46.7,47.8,587100,47.8
2012-06-28,48.1,48.8,47.3,47.55,766600,47.55
2012-06-29,48.0,50.7,48.0,49.95,1402800,49.95
2012-07-02,50.2,51.9,49.25,51.15,1117900,51.15
2012-07-03,52.0,52.4,51.5,51.9,753600,51.9
2012-07-04,52.5,52.85,51.5,52.5,649700,52.5
2012-07-05,52.4,53.4,51.5,52.9,839000,52.9
2012-07-06,53.0,53.2,51.4,51.6,644500,51.6
2012-07-09,51.0,51.3,48.8,49.15,676600,49.15
2012-07-10,49.55,50.5,49.3,50.3,467700,50.3
2012-07-11,50.25,51.9,50.0,51.4,765400,51.4
2012-07-12,50.5,51.6,49.85,51.15,687000,51.15
2012-07-13,51.2,51.8,50.0,50.25,492100,50.25
2012-07-16,50.35,51.45,48.5,48.75,545400,48.75
2012-07-17,49.1,49.25,45.95,46.35,619800,46.35
2012-07-18,46.95,46.95,45.2,46.0,1466000,46.0
2012-07-19,46.5,46.75,45.6,45.7,661000,45.7
2012-07-20,45.45,46.25,45.3,45.45,583500,45.45
2012-07-23,45.6,45.9,44.7,45.1,446600,45.1
2012-07-24,45.25,45.6,44.8,45.1,323700,45.1
2012-07-25,45.0,45.1,43.65,44.5,509500,44.5
2012-07-26,44.65,44.9,41.85,42.45,740700,42.45
2012-07-27,42.7,43.8,40.75,41.8,667100,41.8
2012-07-30,42.15,43.15,41.65,43.0,492600,43.0
2012-07-31,43.2,43.9,42.15,43.65,454300,43.65
2012-08-01,44.05,44.55,42.0,43.3,1952700,43.3
2012-08-02,43.0,43.8,42.8,43.3,516300,43.3
2012-08-03,43.0,43.4,42.6,42.85,377700,42.85
2012-08-06,43.0,43.8,42.75,42.9,285300,42.9
2012-08-07,43.15,43.6,42.9,43.2,301900,43.2
2012-08-08,43.5,43.65,42.5,42.65,347000,42.65
2012-08-09,42.8,43.0,41.8,41.95,314900,41.95
2012-08-10,41.95,42.25,41.25,41.55,253600,41.55
2012-08-13,41.9,42.6,41.6,42.35,224800,42.35
2012-08-14,42.3,43.55,42.0,43.2,355800,43.2
2012-08-15,43.2,43.2,43.2,43.2,0,43.2
2012-08-16,43.45,44.1,42.95,43.5,343900,43.5
2012-08-17,43.65,43.9,41.8,42.05,428100,42.05
2012-08-20,42.05,42.05,42.05,42.05,0,42.05
2012-08-21,42.1,42.4,41.8,42.05,258000,42.05
2012-08-22,42.05,42.3,41.6,41.8,168600,41.8
2012-08-23,41.95,42.0,40.6,40.9,235900,40.9
2012-08-24,40.8,40.95,39.75,40.35,489700,40.35
2012-08-27,40.25,40.5,38.65,39.0,312200,39.0
2012-08-28,38.9,38.9,38.15,38.5,323900,38.5
2012-08-29,38.55,38.75,37.6,37.7,351000,37.7
2012-08-30,37.55,37.95,36.8,37.75,429200,37.75
2012-08-31,37.95,40.0,37.7,39.1,710600,39.1
2012-09-03,39.6,40.45,39.1,40.2,496200,40.2
2012-09-04,40.25,41.6,39.85,41.45,338100,41.45
2012-09-05,41.3,41.9,40.8,41.55,325000,41.55
2012-09-06,41.7,42.3,41.5,42.05,381500,42.05
2012-09-07,42.55,43.0,41.5,42.0,447000,42.0
2012-09-10,40.3,42.55,39.55,42.35,1314000,42.35
2012-09-11,42.1,42.95,41.95,42.7,384600,42.7
2012-09-12,43.0,43.4,42.0,42.25,364800,42.25
2012-09-13,42.5,42.75,41.0,41.2,289700,41.2
2012-09-14,41.7,43.45,41.1,43.15,897300,43.15
2012-09-17,43.75,45.8,43.7,45.4,896400,45.4
2012-09-18,46.9,47.3,45.5,46.1,763400,46.1
2012-09-19,46.1,46.1,46.1,46.1,0,46.1
2012-09-20,45.0,45.9,42.6,44.65,466400,44.65
2012-09-21,45.0,47.35,44.85,46.9,787600,46.9
2012-09-24,46.55,51.6,46.55,50.6,1802100,50.6
2012-09-25,52.0,54.0,50.3,51.15,2212000,51.15
2012-09-26,50.85,52.0,50.3,50.9,687900,50.9
2012-09-27,51.65,53.35,50.5,52.7,1275700,52.7
2012-09-28,53.65,53.9,52.7,52.85,751700,52.85
2012-10-01,52.95,53.3,51.15,51.75,368200,51.75
2012-10-02,51.75,51.75,51.75,51.75,0,51.75
2012-10-03,51.95,53.35,51.5,52.65,680900,52.65
2012-10-04,52.65,55.5,52.65,55.2,1497200,55.2
2012-10-05,55.95,56.0,52.7,53.5,1121000,53.5
2012-10-08,53.55,54.55,51.9,52.25,760300,52.25
2012-10-09,52.65,53.8,51.4,51.75,751200,51.75
2012-10-10,51.4,51.45,49.3,49.55,591500,49.55
2012-10-11,49.15,50.8,48.05,50.4,904100,50.4
2012-10-12,50.35,51.3,49.75,50.5,507000,50.5
2012-10-15,50.5,52.1,50.0,51.55,486500,51.55
2012-10-16,52.0,52.3,48.9,49.55,476500,49.55
2012-10-17,50.0,50.3,48.5,49.15,432000,49.15
2012-10-18,49.9,50.6,49.25,50.15,371100,50.15
2012-10-19,50.5,50.75,48.55,48.95,998900,48.95
2012-10-22,48.05,48.6,47.6,48.2,432200,48.2
2012-10-23,48.5,49.25,47.6,47.9,441800,47.9
2012-10-24,47.9,47.9,47.9,47.9,0,47.9
2012-10-25,47.9,48.9,47.3,47.9,6738100,47.9
2012-10-26,47.5,48.1,47.0,47.45,354100,47.45
2012-10-29,47.65,48.5,47.1,47.8,237200,47.8
2012-10-30,48.0,48.15,46.15,47.85,463400,47.85
2012-10-31,48.05,48.75,47.45,48.15,284000,48.15
2012-11-01,48.0,49.7,47.8,49.35,429400,49.35
2012-11-02,50.0,50.45,49.1,49.45,402800,49.45
2012-11-05,49.5,49.9,48.5,48.7,201400,48.7
2012-11-06,48.7,49.85,48.6,49.65,12483800,49.65
2012-11-07,49.9,50.35,49.2,49.95,332000,49.95
2012-11-08,49.5,49.7,48.5,49.25,226000,49.25
2012-11-09,49.35,49.85,48.5,48.7,184600,48.7
2012-11-12,48.7,48.7,47.6,48.0,235000,48.0
2012-11-13,48.0,48.0,48.0,48.0,0,48.0
2012-11-14,48.0,48.0,48.0,48.0,0,48.0
2012-11-15,47.85,48.9,47.5,48.45,226600,48.45
2012-11-16,48.4,49.3,46.85,47.5,250700,47.5
2012-11-19,47.3,47.95,46.8,47.5,187900,47.5
2012-11-20,48.0,48.0,46.55,46.9,197200,46.9
2012-11-21,47.3,47.45,46.5,46.95,221000,46.95
2012-11-22,47.2,47.55,46.65,46.85,125400,46.85
2012-11-23,47.05,47.4,46.3,46.7,205100,46.7
2012-11-26,49.75,50.05,46.8,47.1,145400,47.1
2012-11-27,47.2,50.2,47.2,49.85,708500,49.85
2012-11-28,49.85,49.85,49.85,49.85,0,49.85
2012-11-29,50.5,50.95,49.35,50.8,535400,50.8
2012-11-30,50.95,53.35,50.95,52.9,812300,52.9
2012-12-03,53.4,54.8,53.25,54.4,826100,54.4
2012-12-04,54.8,56.1,53.55,54.95,961000,54.95
2012-12-05,55.0,55.7,53.4,53.8,454300,53.8
2012-12-06,54.5,57.9,52.9,57.55,1558100,57.55
2012-12-07,57.55,59.2,57.2,58.0,1676100,58.0
2012-12-10,58.05,61.1,58.05,60.8,1657000,60.8
2012-12-11,60.9,64.0,60.55,63.3,2204800,63.3
2012-12-12,64.0,64.45,61.65,63.1,1361000,63.1
2012-12-13,63.25,63.8,60.75,61.15,849300,61.15
2012-12-14,61.5,62.4,60.6,61.3,776500,61.3
2012-12-17,61.45,63.55,61.25,63.25,925200,63.25
2012-12-18,64.25,64.65,63.45,64.25,914000,64.25
2012-12-19,64.5,68.8,64.15,68.45,2507700,68.45
2012-12-20,68.8,70.0,64.8,65.4,3142300,65.4
2012-12-21,65.8,66.45,60.65,61.05,2078000,61.05
2012-12-24,60.9,61.95,59.85,61.15,1158400,61.15
2012-12-25,61.15,61.15,61.15,61.15,0,61.15
2012-12-26,61.05,63.0,60.95,62.0,574600,62.0
2012-12-27,63.0,63.0,61.7,62.45,650000,62.45
2012-12-28,62.9,63.4,61.7,61.85,489700,61.85
2012-12-31,62.2,62.75,61.5,61.7,343600,61.7
2013-01-01,61.9,64.7,61.9,64.15,709800,64.15
2013-01-02,64.65,65.3,63.0,63.7,800300,63.7
2013-01-03,64.4,64.4,62.95,63.3,300600,63.3
2013-01-04,63.3,63.8,62.25,62.65,275400,62.65
2013-01-07,63.5,65.4,63.1,65.05,1178000,65.05
2013-01-08,65.45,65.75,63.35,64.1,582400,64.1
2013-01-09,64.1,65.2,63.5,63.85,379100,63.85
2013-01-10,63.8,64.5,62.4,62.65,437600,62.65
2013-01-11,62.5,62.95,61.3,61.65,414200,61.65
2013-01-14,61.7,64.1,60.9,63.9,478600,63.9
2013-01-15,63.8,65.6,63.5,65.4,522400,65.4
2013-01-16,65.6,65.9,64.15,65.35,502600,65.35
2013-01-17,65.35,66.0,64.1,65.25,520900,65.25
2013-01-18,65.5,65.75,64.3,64.5,350400,64.5
2013-01-21,64.4,68.3,64.4,67.85,943900,67.85
2013-01-22,68.0,68.4,65.2,65.55,592000,65.55
2013-01-23,66.95,66.95,63.1,64.85,470300,64.85
2013-01-24,65.2,65.5,61.1,61.95,766000,61.95
2013-01-25,62.0,63.95,61.75,63.7,336800,63.7
2013-01-28,63.7,64.0,60.25,60.9,1672600,60.9
2013-01-29,60.2,61.8,59.1,59.8,1322800,59.8
2013-01-30,59.5,60.7,58.85,59.1,461700,59.1
2013-01-31,59.5,61.3,59.3,60.85,356400,60.85
2013-02-01,60.75,61.25,59.7,60.2,326100,60.2
2013-02-04,60.45,61.0,56.15,56.4,676300,56.4
2013-02-05,56.5,57.0,54.6,56.6,495200,56.6
2013-02-06,56.6,59.25,56.55,56.8,681700,56.8
2013-02-07,57.0,58.65,56.5,57.5,421500,57.5
2013-02-08,57.7,57.95,55.65,56.85,315100,56.85
2013-02-11,56.9,57.25,55.9,56.75,204700,56.75
2013-02-12,56.7,57.4,53.65,55.0,414100,55.0
2013-02-13,55.6,56.25,54.0,54.45,251100,54.45
2013-02-14,54.45,54.5,51.75,52.4,459800,52.4
2013-02-15,52.05,52.4,51.3,52.0,373800,52.0
2013-02-18,53.95,55.2,50.95,51.3,422300,51.3
2013-02-19,51.6,52.15,50.05,51.4,837300,51.4
2013-02-20,51.9,52.7,50.5,51.3,526500,51.3
2013-02-21,50.95,50.95,49.65,50.05,396000,50.05
2013-02-22,50.0,51.0,49.7,49.9,468600,49.9
2013-02-25,50.2,50.5,47.3,47.65,549700,47.65
2013-02-26,47.7,47.8,46.15,46.5,319100,46.5
2013-02-27,46.85,48.7,45.3,47.4,345500,47.4
2013-02-28,48.0,49.8,43.9,44.55,844300,44.55
2013-03-01,45.0,46.2,44.15,45.15,356300,45.15
2013-03-04,45.2,45.2,43.4,44.05,252500,44.05
2013-03-05,44.15,47.15,44.15,46.35,8056300,46.35
2013-03-06,46.9,48.45,46.9,47.75,326000,47.75
2013-03-07,47.7,48.9,46.75,48.4,5562400,48.4
2013-03-08,49.5,51.0,48.85,50.6,846300,50.6
2013-03-11,51.05,51.3,49.4,50.15,373200,50.15
2013-03-12,50.4,51.4,49.3,50.4,4649700,50.4
2013-03-13,50.0,50.05,48.4,49.05,4475100,49.05
2013-03-14,48.8,49.95,47.5,49.65,533500,49.65
2013-03-15,49.8,50.5,47.25,47.65,419200,47.65
2013-03-18,47.45,47.45,46.0,46.25,4237400,46.25
2013-03-19,46.65,47.6,45.45,45.7,5236500,45.7
2013-03-20,45.7,46.4,43.6,44.05,522100,44.05
2013-03-21,45.0,45.4,40.8,41.2,1160100,41.2
2013-03-22,41.2,41.25,38.95,39.75,925800,39.75
2013-03-25,40.5,41.0,39.45,39.75,581800,39.75
2013-03-26,39.5,39.8,38.7,39.2,275300,39.2
2013-03-27,39.2,39.2,39.2,39.2,0,39.2
2013-03-28,39.2,40.85,38.3,40.65,647000,40.65
2013-03-29,40.65,40.65,40.65,40.65,0,40.65
2013-04-01,41.0,42.7,40.55,42.2,514500,42.2
2013-04-02,43.0,43.95,42.45,43.8,502300,43.8
2013-04-03,44.45,50.25,44.45,47.65,3448400,47.65
2013-04-04,47.6,48.3,46.35,46.85,1393200,46.85
2013-04-05,46.0,46.2,44.7,45.1,690900,45.1
2013-04-08,45.45,47.1,45.1,46.55,710000,46.55
2013-04-09,47.2,49.2,46.55,46.75,1705600,46.75
2013-04-10,47.25,47.4,45.1,46.7,690900,46.7
2013-04-11,47.0,47.2,45.1,45.95,587200,45.95
2013-04-12,46.0,47.15,44.7,46.9,432900,46.9
2013-04-15,47.05,47.7,46.3,46.75,449800,46.75
2013-04-16,46.95,48.2,46.95,47.7,742400,47.7
2013-04-17,48.0,49.05,47.0,47.3,646900,47.3
2013-04-18,47.5,48.2,46.5,47.55,420600,47.55
2013-04-19,47.55,47.55,47.55,47.55,0,47.55
2013-04-22,47.5,48.75,46.35,48.4,537500,48.4
2013-04-23,48.15,50.0,47.6,48.4,1243400,48.4
2013-04-24,48.4,48.4,48.4,48.4,0,48.4
2013-04-25,48.1,50.8,48.0,49.65,753700,49.65
2013-04-26,49.95,50.55,48.5,48.85,442100,48.85
2013-04-29,48.65,50.2,48.3,49.7,334000,49.7
2013-04-30,50.15,50.4,47.7,48.85,350600,48.85
2013-05-01,48.85,48.85,48.85,48.85,0,48.85
2013-05-02,48.5,50.25,48.45,49.35,448700,49.35
2013-05-03,49.4,49.75,48.15,48.65,625700,48.65
2013-05-06,48.7,50.0,47.25,48.35,1290500,48.35
2013-05-07,48.5,49.0,48.1,48.35,494300,48.35
2013-05-08,48.5,48.9,48.05,48.45,372200,48.45
2013-05-09,48.4,49.45,47.8,48.55,360000,48.55
2013-05-10,48.7,49.3,48.1,48.65,301400,48.65
2013-05-13,48.5,48.75,46.75,47.0,347600,47.0
2013-05-14,46.9,47.75,46.3,47.1,185200,47.1
2013-05-15,47.45,48.7,47.35,48.45,365600,48.45
2013-05-16,48.1,49.65,48.0,48.7,715400,48.7
2013-05-17,48.5,51.5,48.35,50.4,832700,50.4
2013-05-20,51.1,55.4,50.9,54.05,1927000,54.05
2013-05-21,54.6,62.4,54.6,60.65,5502000,60.65
2013-05-22,61.0,61.05,55.8,56.4,1915900,56.4
2013-05-23,56.0,56.75,53.95,54.85,1624000,54.85
2013-05-24,55.0,57.45,55.0,57.05,863700,57.05
2013-05-27,57.3,58.3,56.55,57.8,698400,57.8
2013-05-28,58.3,58.7,57.0,57.25,546800,57.25
2013-05-29,57.1,57.35,54.1,54.45,722300,54.45
2013-05-30,54.0,59.5,53.1,58.55,1536900,58.55
2013-05-31,59.1,60.0,56.35,56.7,899600,56.7
2013-06-03,57.25,59.65,54.3,58.05,723900,58.05
2013-06-04,58.25,59.0,55.5,56.25,763300,56.25
2013-06-05,56.1,59.35,55.35,58.6,894600,58.6
2013-06-06,57.8,58.65,57.0,57.75,486200,57.75
2013-06-07,57.5,57.95,53.3,53.85,790400,53.85
2013-06-10,54.45,55.35,52.5,52.95,449300,52.95
2013-06-11,52.1,52.8,47.2,51.7,1541000,51.7
2013-06-12,51.7,52.8,49.3,50.55,844600,50.55
2013-06-13,49.5,50.45,47.1,47.75,614200,47.75
2013-06-14,48.25,49.7,47.3,47.8,806100,47.8
2013-06-17,47.95,48.65,40.8,44.2,2781600,44.2
2013-06-18,44.6,45.5,42.45,44.65,1645500,44.65
2013-06-19,44.5,45.1,43.75,44.45,573100,44.45
2013-06-20,44.0,44.0,41.3,41.7,960200,41.7
2013-06-21,41.25,43.35,40.0,41.25,2081800,41.25
2013-06-24,40.9,40.9,39.0,39.65,1092400,39.65
2013-06-25,39.8,41.25,39.15,39.95,671200,39.95
2013-06-26,41.0,41.0,39.2,39.5,617700,39.5
2013-06-27,40.9,40.9,39.1,40.1,423800,40.1
2013-06-28,40.3,41.8,39.0,41.45,1135600,41.45
2013-07-01,41.2,43.25,41.0,42.7,982100,42.7
2013-07-02,42.65,45.3,41.75,44.35,4468700,44.35
2013-07-03,43.5,43.8,40.75,41.55,1004900,41.55
2013-07-04,41.95,42.1,39.65,40.65,903600,40.65
2013-07-05,41.4,41.7,39.7,40.3,699500,40.3
2013-07-08,40.05,40.65,38.5,40.0,734000,40.0
2013-07-09,40.4,41.15,39.5,40.6,890600,40.6
2013-07-10,40.65,40.8,39.25,39.75,755600,39.75
2013-07-11,40.65,41.1,39.8,40.05,587500,40.05
2013-07-12,40.1,40.3,39.05,39.3,595600,39.3
2013-07-15,39.0,40.15,38.5,39.5,679700,39.5
2013-07-16,39.2,40.65,38.4,39.95,702000,39.95
2013-07-17,40.0,40.4,38.75,39.25,668600,39.25
2013-07-18,39.4,40.4,39.1,40.15,583700,40.15
2013-07-19,40.05,40.5,39.5,39.65,325700,39.65
2013-07-22,39.15,40.25,39.15,39.65,235100,39.65
2013-07-23,39.7,40.35,39.7,39.85,321200,39.85
2013-07-24,39.85,39.85,38.75,38.9,364100,38.9
2013-07-25,39.0,42.15,37.6,40.6,1138000,40.6
2013-07-26,41.2,41.45,39.55,39.95,390600,39.95
2013-07-29,39.95,40.75,39.25,39.75,409700,39.75
2013-07-30,40.0,40.65,36.3,36.8,763000,36.8
2013-07-31,36.0,36.0,32.85,35.05,954800,35.05
2013-08-01,34.8,35.95,31.75,34.2,1754300,34.2
2013-08-02,34.5,34.5,31.0,31.9,1054500,31.9
2013-08-05,32.4,32.95,29.45,32.1,716800,32.1
2013-08-06,31.5,31.95,30.15,31.0,434000,31.0
2013-08-07,31.55,34.9,30.75,34.25,1048800,34.25
2013-08-08,34.5,35.35,32.6,34.65,613200,34.65
2013-08-09,34.65,34.65,34.65,34.65,0,34.65
2013-08-12,34.8,36.9,33.5,36.2,598200,36.2
2013-08-13,36.25,36.4,35.4,36.0,305300,36.0
2013-08-14,36.0,36.7,34.7,35.7,402200,35.7
2013-08-15,35.7,35.7,35.7,35.7,0,35.7
2013-08-16,35.2,35.2,32.7,33.65,344500,33.65
2013-08-19,32.95,36.35,32.05,36.05,661600,36.05
2013-08-20,35.7,36.7,34.45,36.05,365400,36.05
2013-08-21,37.0,37.5,34.25,34.7,334000,34.7
2013-08-22,34.6,36.9,34.25,36.55,473500,36.55
2013-08-23,36.6,37.1,34.8,36.45,381200,36.45
2013-08-26,36.5,38.5,35.75,37.15,572200,37.15
2013-08-27,36.1,36.75,34.4,35.0,464300,35.0
2013-08-28,34.7,36.95,33.75,36.15,660500,36.15
2013-08-29,35.9,36.35,33.9,34.2,667600,34.2
2013-08-30,34.5,34.5,33.05,33.7,385600,33.7
2013-09-02,33.7,34.6,32.85,34.1,297200,34.1
2013-09-03,34.1,35.0,32.4,32.7,363100,32.7
2013-09-04,32.5,33.0,31.65,32.2,416700,32.2
2013-09-05,32.6,34.4,32.6,33.3,502200,33.3
2013-09-06,33.5,34.6,33.0,33.7,536600,33.7
2013-09-09,33.7,33.7,33.7,33.7,0,33.7
2013-09-10,34.1,34.9,33.3,33.95,336500,33.95
2013-09-11,34.0,35.0,33.9,34.8,376600,34.8
2013-09-12,35.2,36.4,34.6,34.95,633900,34.95
2013-09-13,35.4,36.8,35.25,36.15,882400,36.15
2013-09-16,36.95,36.95,34.15,34.7,696900,34.7
2013-09-17,34.7,35.05,33.95,34.8,359100,34.8
2013-09-18,34.5,34.85,33.55,33.9,272600,33.9
2013-09-19,35.0,35.55,34.5,35.25,486000,35.25
2013-09-20,35.35,35.85,33.8,34.3,922000,34.3
2013-09-23,34.6,34.6,33.65,34.0,393500,34.0
2013-09-24,34.0,34.65,33.8,34.1,286400,34.1
2013-09-25,34.2,34.5,33.45,34.1,308200,34.1
2013-09-26,34.1,34.15,33.05,33.25,569600,33.25
2013-09-27,33.45,33.85,32.9,33.1,397700,33.1
2013-09-30,33.1,33.1,32.05,32.25,308700,32.25
2013-10-01,32.5,32.5,31.8,32.05,345200,32.05
2013-10-02,32.05,32.05,32.05,32.05,0,32.05
2013-10-03,32.1,33.5,31.85,33.2,432700,33.2
2013-10-04,33.2,33.45,32.75,32.95,320200,32.95
2013-10-07,32.95,33.35,32.75,33.25,253000,33.25
2013-10-08,33.4,34.2,33.4,33.8,398300,33.8
2013-10-09,33.85,35.55,33.6,35.0,1140300,35.0
2013-10-10,35.2,35.65,34.75,35.2,510700,35.2
2013-10-11,35.5,35.5,34.4,35.15,409600,35.15
2013-10-14,35.5,36.55,34.95,35.85,782100,35.85
2013-10-15,36.25,36.4,34.2,34.65,558000,34.65
2013-10-16,34.65,34.65,34.65,34.65,0,34.65
2013-10-17,35.1,35.65,34.45,34.7,379000,34.7
2013-10-18,35.05,35.3,34.75,34.9,270800,34.9
2013-10-21,34.95,37.15,34.95,36.55,1337300,36.55
2013-10-22,36.2,37.4,35.7,36.55,1656100,36.55
2013-10-23,36.8,37.0,35.0,35.7,1109000,35.7
2013-10-24,35.3,36.5,35.2,35.45,883700,35.45
2013-10-25,35.25,35.3,33.15,33.45,1417800,33.45
2013-10-28,33.5,33.6,32.3,32.45,811000,32.45
2013-10-29,32.65,33.15,32.0,32.55,705500,32.55
2013-10-30,32.6,32.9,32.2,32.35,738100,32.35
2013-10-31,32.4,32.9,32.1,32.7,835000,32.7
2013-11-01,32.7,34.7,32.5,34.35,1251000,34.35
2013-11-04,34.35,34.35,34.35,34.35,0,34.35
2013-11-05,34.8,35.9,33.5,35.35,1681100,35.35
2013-11-06,35.75,36.5,35.25,35.5,1265400,35.5
2013-11-07,36.2,36.25,33.95,34.4,1141400,34.4
2013-11-08,34.4,35.4,34.0,35.25,889200,35.25
2013-11-11,35.45,35.95,34.6,35.1,1250500,35.1
2013-11-12,35.3,35.45,33.75,33.95,701100,33.95
2013-11-13,33.8,34.3,33.25,33.35,548700,33.35
2013-11-14,33.9,35.1,33.75,34.7,650300,34.7
2013-11-15,34.7,34.7,34.7,34.7,0,34.7
2013-11-18,35.4,35.6,34.55,35.0,975100,35.0
2013-11-19,35.2,35.4,34.8,34.9,372900,34.9
2013-11-20,35.2,37.2,34.8,36.0,2483300,36.0
2013-11-21,36.15,36.45,34.4,34.85,1800300,34.85
2013-11-22,35.4,35.8,35.0,35.4,789400,35.4
2013-11-25,35.7,36.2,35.15,35.8,779400,35.8
2013-11-26,35.9,36.1,34.4,34.8,764400,34.8
2013-11-27,34.9,35.0,33.8,34.1,878300,34.1
2013-11-28,34.35,35.1,34.15,34.4,1009300,34.4
2013-11-29,34.8,35.85,34.65,35.6,1241800,35.6
2013-12-02,35.9,36.75,35.75,36.25,2123400,36.25
2013-12-03,36.35,36.65,35.8,36.0,1184100,36.0
2013-12-04,36.5,39.7,36.2,38.1,7287000,38.1
2013-12-05,40.1,40.45,38.85,39.2,3675500,39.2
2013-12-06,39.4,40.6,38.5,40.3,3336000,40.3
2013-12-09,42.1,42.9,40.4,40.6,2564800,40.6
2013-12-10,40.9,40.9,38.1,38.8,1940400,38.8
2013-12-11,39.0,39.2,38.1,38.45,1241200,38.45
2013-12-12,38.45,39.45,38.0,38.5,1635600,38.5
2013-12-13,38.4,38.85,37.85,38.05,961500,38.05
2013-12-16,38.0,38.0,36.55,37.15,1416900,37.15
2013-12-17,37.4,37.7,36.4,36.6,606800,36.6
2013-12-18,36.5,37.95,36.3,37.7,796900,37.7
2013-12-19,37.55,38.0,36.55,36.95,865000,36.95
2013-12-20,36.7,38.25,36.55,38.1,1069700,38.1
2013-12-23,38.15,39.1,38.15,38.85,740800,38.85
2013-12-24,39.25,39.35,38.2,38.3,506400,38.3
2013-12-25,38.3,38.3,38.3,38.3,0,38.3
2013-12-26,38.75,39.95,38.35,39.6,1533200,39.6
2013-12-27,40.05,40.5,39.3,39.5,1068100,39.5
2013-12-30,39.85,40.15,38.9,39.1,601300,39.1
2013-12-31,39.45,39.6,38.55,39.0,758400,39.0
2014-01-01,39.5,39.7,39.2,39.55,592300,39.55
2014-01-02,39.3,39.4,36.9,37.15,1617800,37.15
2014-01-03,36.75,37.15,35.8,36.55,1167800,36.55
2014-01-06,36.75,37.4,35.9,37.0,849600,37.0
2014-01-07,37.15,37.4,35.8,36.0,648100,36.0
2014-01-08,36.35,36.4,35.75,35.9,616600,35.9
2014-01-09,36.0,36.6,35.6,35.75,488000,35.75
2014-01-10,35.75,36.15,34.85,35.05,663000,35.05
2014-01-13,35.1,35.4,34.6,34.85,425900,34.85
2014-01-14,34.85,35.35,34.4,35.0,412100,35.0
2014-01-15,35.4,35.4,34.6,35.0,275800,35.0
2014-01-16,35.3,35.3,34.7,34.85,232400,34.85
2014-01-17,35.0,35.1,34.1,34.35,311100,34.35
2014-01-20,34.5,34.85,34.3,34.7,211100,34.7
2014-01-21,34.75,34.95,34.4,34.55,207300,34.55
2014-01-22,34.6,34.8,34.2,34.65,188200,34.65
2014-01-23,34.65,35.35,34.6,35.05,227300,35.05
2014-01-24,34.9,35.5,34.05,34.3,437000,34.3
2014-01-27,34.1,34.1,32.95,33.0,689500,33.0
2014-01-28,33.0,33.85,32.15,32.95,486200,32.95
2014-01-29,33.05,33.45,32.9,33.0,415300,33.0
2014-01-30,32.9,33.5,31.9,32.1,417400,32.1
2014-01-31,32.5,32.9,32.3,32.65,276700,32.65
2014-02-03,32.8,33.65,32.45,32.55,428900,32.55
2014-02-04,32.55,33.1,32.0,32.9,336200,32.9
2014-02-05,33.0,33.8,32.45,33.55,422700,33.55
2014-02-06,33.7,34.9,33.5,34.7,693700,34.7
2014-02-07,34.7,35.65,34.55,35.45,531500,35.45
2014-02-10,35.25,35.75,34.4,34.65,246300,34.65
2014-02-11,35.0,35.0,34.2,34.55,233400,34.55
2014-02-12,34.65,34.9,34.15,34.25,127300,34.25
2014-02-13,34.5,34.55,32.8,32.95,233000,32.95
2014-02-14,33.05,33.2,32.5,32.9,188400,32.9
2014-02-17,33.0,34.5,33.0,34.2,376000,34.2
2014-02-18,34.0,36.35,33.75,36.0,959900,36.0
2014-02-19,36.35,36.35,35.3,35.7,651900,35.7
2014-02-20,35.5,37.05,35.1,36.6,1267500,36.6
2014-02-21,37.0,37.0,36.15,36.45,627300,36.45
2014-02-24,38.2,38.35,36.25,36.45,1352300,36.45
2014-02-25,36.5,36.7,35.15,35.4,451900,35.4
2014-02-26,35.8,36.45,34.8,36.15,632100,36.15
2014-02-27,36.15,36.15,36.15,36.15,0,36.15
2014-02-28,36.2,36.7,35.7,35.9,389700,35.9
2014-03-03,35.8,36.6,35.65,35.85,409600,35.85
2014-03-04,35.75,36.3,34.8,35.7,547000,35.7
2014-03-05,35.6,37.1,35.6,36.85,864300,36.85
2014-03-06,36.95,37.6,36.45,37.3,568000,37.3
2014-03-07,37.5,39.8,37.25,39.55,1781700,39.55
2014-03-10,39.3,42.4,39.15,40.8,1600500,40.8
2014-03-11,41.7,42.0,40.75,41.25,987200,41.25
2014-03-12,40.8,41.2,39.7,40.0,629300,40.0
2014-03-13,40.0,41.7,39.9,40.2,727000,40.2
2014-03-14,40.2,40.75,39.3,40.45,633800,40.45
2014-03-17,40.45,40.45,40.45,40.45,0,40.45
2014-03-18,40.5,41.9,40.4,41.55,944400,41.55
2014-03-19,42.0,42.9,41.75,42.15,887000,42.15
2014-03-20,42.3,42.3,41.25,41.45,482200,41.45
2014-03-21,41.9,42.0,41.1,41.2,312100,41.2
2014-03-24,41.5,42.55,41.35,41.75,422600,41.75
2014-03-25,41.5,42.5,41.5,42.05,398500,42.05
2014-03-26,42.65,42.65,41.2,41.35,286500,41.35
2014-03-27,41.6,42.15,41.35,41.5,403500,41.5
2014-03-28,41.25,48.95,41.25,48.4,4534800,48.4
2014-03-31,48.9,52.0,47.9,48.65,3126600,48.65
2014-04-01,49.0,49.35,47.0,48.0,1081300,48.0
2014-04-02,48.5,50.85,48.15,50.15,1794300,50.15
2014-04-03,50.35,52.15,49.2,51.65,1656700,51.65
2014-04-04,52.3,55.4,52.2,54.05,2642200,54.05
2014-04-07,55.0,57.0,53.3,54.6,1144600,54.6
2014-04-08,54.6,54.6,54.6,54.6,0,54.6
2014-04-09,55.15,56.35,54.5,55.75,929600,55.75
2014-04-10,56.0,59.25,54.9,56.5,5270300,56.5
2014-04-11,56.95,57.4,54.6,55.25,2519600,55.25
2014-04-14,55.25,55.25,55.25,55.25,0,55.25
2014-04-15,55.6,55.6,52.7,53.0,1623100,53.0
2014-04-16,53.1,54.8,50.9,51.65,2877900,51.65
2014-04-17,52.1,53.0,51.7,52.1,1356100,52.1
2014-04-18,52.1,52.1,52.1,52.1,0,52.1
2014-04-21,52.6,53.4,51.85,52.0,1944900,52.0
2014-04-22,52.45,52.5,51.1,51.25,863900,51.25
2014-04-23,51.55,51.6,49.8,50.7,1594500,50.7
2014-04-24,50.7,50.7,50.7,50.7,0,50.7
2014-04-25,50.8,52.15,50.5,50.8,1341000,50.8
2014-04-28,49.35,51.85,49.35,51.25,974000,51.25
2014-04-29,51.1,52.8,50.8,51.1,1895600,51.1
2014-04-30,51.5,51.9,44.6,48.3,2719600,48.3
2014-05-01,48.3,48.3,48.3,48.3,0,48.3
2014-05-02,48.5,49.2,47.7,47.95,1153700,47.95
2014-05-05,48.3,49.65,46.95,48.4,1205600,48.4
2014-05-06,48.8,49.85,48.25,48.95,922100,48.95
2014-05-07,49.0,49.25,48.1,48.4,673400,48.4
2014-05-08,48.75,48.8,46.8,47.0,873500,47.0
2014-05-09,47.0,50.2,46.75,49.6,2344900,49.6
2014-05-12,50.2,51.3,49.3,49.75,3183900,49.75
2014-05-13,51.25,53.8,50.65,53.55,6889300,53.55
2014-05-14,54.2,55.6,53.5,54.55,3711500,54.55
2014-05-15,55.0,56.75,53.5,54.95,8664100,54.95
2014-05-16,58.55,59.5,55.3,55.65,10258800,55.65
2014-05-19,55.7,60.2,55.65,59.9,7001800,59.9
2014-05-20,61.1,61.9,59.05,60.2,4714600,60.2
2014-05-21,60.9,62.75,59.6,62.25,6020600,62.25
2014-05-22,63.35,64.95,62.95,64.25,4254800,64.25
2014-05-23,64.9,65.95,64.6,65.4,3121000,65.4
2014-05-26,66.15,68.5,55.95,60.9,7224300,60.9
2014-05-27,60.7,61.2,56.55,59.35,3501700,59.35
2014-05-28,59.9,60.8,59.25,60.0,2001000,60.0
2014-05-29,59.7,60.35,58.6,58.9,1561800,58.9
2014-05-30,59.5,60.9,58.6,60.3,1906800,60.3
2014-06-02,60.95,62.1,60.5,61.75,2082100,61.75
2014-06-03,62.15,62.6,61.0,61.7,2293300,61.7
2014-06-04,61.9,63.15,61.6,62.9,2354300,62.9
2014-06-05,63.3,64.1,61.9,63.8,2729700,63.8
2014-06-06,64.35,64.7,62.65,63.75,2506700,63.75
2014-06-09,64.1,64.9,63.65,64.35,2147600,64.35
2014-06-10,64.6,64.85,62.1,63.4,1850900,63.4
2014-06-11,63.0,65.2,61.4,61.8,3344400,61.8
2014-06-12,61.95,62.8,60.9,61.8,1503800,61.8
2014-06-13,62.3,62.8,58.4,58.9,2271300,58.9
2014-06-16,59.0,59.3,56.3,58.7,1538900,58.7
2014-06-17,59.0,60.6,58.4,60.35,1385200,60.35
2014-06-18,60.8,61.4,58.0,59.1,2017800,59.1
2014-06-19,59.6,59.95,58.05,58.35,1245400,58.35
2014-06-20,58.8,60.1,58.1,58.75,1569200,58.75
2014-06-23,59.2,59.45,58.5,59.0,872600,59.0
2014-06-24,59.5,60.6,58.9,60.0,1219800,60.0
2014-06-25,60.1,61.25,60.0,60.7,1344300,60.7
2014-06-26,61.3,61.3,60.1,60.5,927900,60.5
2014-06-27,60.6,60.95,59.45,60.35,1067000,60.35
2014-06-30,60.6,62.7,60.6,62.55,1682200,62.55
2014-07-01,63.2,64.1,62.5,63.55,1693900,63.55
2014-07-02,64.1,66.15,63.75,65.35,4052400,65.35
2014-07-03,66.05,66.95,65.05,65.5,1219400,65.5
2014-07-04,65.9,66.0,64.2,65.5,1683000,65.5
2014-07-07,65.9,66.1,65.2,65.5,1061400,65.5
2014-07-08,65.75,65.9,59.0,59.9,2618600,59.9
2014-07-09,59.95,60.45,56.0,57.7,3006500,57.7
2014-07-10,58.2,62.0,56.45,59.5,5695300,59.5
2014-07-11,60.0,60.9,56.05,56.45,2604800,56.45
2014-07-14,56.8,58.1,56.0,57.2,1256300,57.2
2014-07-15,57.75,58.5,57.0,58.2,1098500,58.2
2014-07-16,58.6,59.85,57.45,59.5,1553600,59.5
2014-07-17,59.7,61.75,59.15,61.45,2084900,61.45
2014-07-18,60.95,61.5,59.75,60.55,1777900,60.55
2014-07-21,61.0,61.9,59.8,60.35,1081600,60.35
2014-07-22,60.8,61.0,59.4,60.0,807000,60.0
2014-07-23,60.5,60.6,58.6,59.25,880600,59.25
2014-07-24,59.5,60.15,57.3,57.95,1267800,57.95
2014-07-25,58.2,58.3,55.1,56.2,1594500,56.2
2014-07-28,56.35,57.15,54.35,56.05,940600,56.05
2014-07-29,56.05,56.05,56.05,56.05,0,56.05
2014-07-30,56.5,57.45,56.05,57.25,982200,57.25
2014-07-31,57.0,57.8,56.15,56.55,549200,56.55
2014-08-01,56.25,56.75,55.35,55.6,743400,55.6
2014-08-04,55.5,56.45,55.5,56.25,572700,56.25
2014-08-05,56.7,56.7,55.45,56.35,701800,56.35
2014-08-06,56.7,57.85,56.45,56.75,1901800,56.75
2014-08-07,56.8,57.05,55.5,55.6,778100,55.6
2014-08-08,55.2,55.2,53.1,53.35,886500,53.35
2014-08-11,54.15,54.9,53.8,54.1,598600,54.1
2014-08-12,54.5,54.7,53.85,54.05,382800,54.05
2014-08-13,54.0,54.05,50.6,52.05,1135000,52.05
2014-08-14,53.5,53.95,52.75,53.55,1043600,53.55
2014-08-15,53.55,53.55,53.55,53.55,0,53.55
2014-08-18,53.25,54.4,53.25,54.0,457800,54.0
2014-08-19,53.95,55.5,53.95,55.05,837700,55.05
2014-08-20,55.65,56.5,54.55,55.8,1157100,55.8
2014-08-21,55.8,56.85,54.9,55.35,854300,55.35
2014-08-22,55.45,55.8,54.5,55.05,633000,55.05
2014-08-25,54.95,55.65,52.6,52.8,923500,52.8
2014-08-26,52.0,52.0,48.6,49.4,2075500,49.4
2014-08-27,49.5,49.8,48.5,48.75,1108400,48.75
2014-08-28,48.8,48.9,47.1,47.35,1021200,47.35
2014-08-29,47.35,47.35,47.35,47.35,0,47.35
2014-09-01,47.35,50.5,47.0,50.15,1253200,50.15
2014-09-02,50.55,51.7,50.3,50.55,1172300,50.55
2014-09-03,50.4,50.6,49.15,49.45,998700,49.45
2014-09-04,49.2,50.0,48.2,49.35,1188100,49.35
2014-09-05,49.8,50.0,48.5,49.1,1021300,49.1
2014-09-08,49.85,50.55,49.85,50.15,814100,50.15
2014-09-09,50.5,51.0,49.15,50.7,824500,50.7
2014-09-10,50.7,50.7,49.45,50.0,687900,50.0
2014-09-11,50.5,51.5,50.15,51.2,1040300,51.2
2014-09-12,51.85,51.85,50.3,50.4,587400,50.4
2014-09-15,50.5,50.85,49.5,50.5,550600,50.5
2014-09-16,50.3,51.45,48.35,48.65,767500,48.65
2014-09-17,49.65,49.75,48.4,49.2,552700,49.2
2014-09-18,50.0,54.55,48.9,52.95,2242100,52.95
2014-09-19,53.4,53.4,51.1,51.4,1047000,51.4
2014-09-22,51.0,51.4,50.3,50.45,531800,50.45
2014-09-23,50.5,50.75,47.4,47.7,1274500,47.7
2014-09-24,48.7,48.7,45.05,46.7,2662700,46.7
2014-09-25,46.75,46.9,42.35,42.65,2448800,42.65
2014-09-26,42.55,45.4,42.05,45.05,1792900,45.05
2014-09-29,45.4,45.75,44.3,44.5,911300,44.5
2014-09-30,44.4,45.2,43.2,43.4,848900,43.4
2014-10-01,43.4,43.9,43.05,43.2,594000,43.2
2014-10-02,43.2,43.2,43.2,43.2,0,43.2
2014-10-03,43.2,43.2,43.2,43.2,0,43.2
2014-10-06,43.2,43.2,43.2,43.2,0,43.2
2014-10-07,43.2,43.3,41.8,41.95,1201500,41.95
2014-10-08,42.0,42.85,41.55,42.7,613100,42.7
2014-10-09,43.0,44.75,43.0,44.15,943500,44.15
2014-10-10,43.95,43.95,42.6,42.8,607300,42.8
2014-10-13,42.8,43.7,42.25,43.35,449400,43.35
2014-10-14,43.75,44.05,43.05,43.3,439600,43.3
2014-10-15,43.3,43.3,43.3,43.3,0,43.3
2014-10-16,43.3,44.05,42.0,42.2,724800,42.2
2014-10-17,42.4,43.05,41.65,42.75,592900,42.75
2014-10-20,43.25,44.0,43.15,43.65,511800,43.65
2014-10-21,44.1,45.3,44.05,44.8,836300,44.8
2014-10-22,45.25,45.8,45.15,45.4,412000,45.4
2014-10-23,45.4,45.4,45.4,45.4,0,45.4
2014-10-24,45.4,45.4,45.4,45.4,0,45.4
2014-10-27,46.3,46.6,45.25,45.5,536900,45.5
2014-10-28,45.8,46.15,44.55,45.85,651400,45.85
2014-10-29,46.3,46.3,45.6,46.0,598600,46.0
2014-10-30,46.0,46.05,45.45,45.75,405000,45.75
2014-10-31,46.55,48.2,46.45,47.9,1216800,47.9
2014-11-03,48.35,49.8,47.65,49.15,1095200,49.15
2014-11-04,49.15,49.15,49.15,49.15,0,49.15
2014-11-05,49.9,50.1,47.45,47.7,936900,47.7
2014-11-06,47.7,47.7,47.7,47.7,0,47.7
2014-11-07,47.9,48.2,46.8,47.65,798100,47.65
2014-11-10,47.5,48.7,46.05,46.5,1506500,46.5
2014-11-11,46.1,46.85,45.65,46.65,617100,46.65
2014-11-12,46.8,47.5,46.3,46.45,487200,46.45
2014-11-13,46.3,46.8,45.0,45.2,558000,45.2
2014-11-14,44.95,45.95,44.65,45.85,497700,45.85
2014-11-17,45.4,47.5,45.4,47.3,630000,47.3
2014-11-18,48.5,48.6,47.5,48.05,881500,48.05
2014-11-19,48.5,48.6,46.1,46.35,509500,46.35
2014-11-20,46.45,46.45,45.3,45.9,459000,45.9
2014-11-21,45.75,46.7,45.2,45.35,493900,45.35
2014-11-24,46.55,46.9,45.8,46.55,847600,46.55
2014-11-25,47.2,48.0,44.75,45.2,1485600,45.2
2014-11-26,45.25,46.65,45.05,46.15,919500,46.15
2014-11-27,46.15,46.5,45.25,45.75,653500,45.75
2014-11-28,45.35,46.6,45.35,45.7,641800,45.7
2014-12-01,46.0,46.0,44.1,44.35,529900,44.35
2014-12-02,44.6,44.85,43.95,44.4,649700,44.4
2014-12-03,44.15,45.9,44.15,45.6,782800,45.6
2014-12-04,45.4,46.0,44.3,44.6,734400,44.6
2014-12-05,44.4,45.25,44.4,44.5,562600,44.5
2014-12-08,44.1,45.1,43.8,44.8,796900,44.8
2014-12-09,44.4,45.4,43.2,43.5,694900,43.5
2014-12-10,43.1,45.4,43.1,44.9,887500,44.9
2014-12-11,44.8,45.3,44.05,44.35,573400,44.35
2014-12-12,44.15,45.25,43.4,43.6,582700,43.6
2014-12-15,43.6,44.0,43.2,43.3,483400,43.3
2014-12-16,43.1,43.65,39.85,40.2,1636800,40.2
2014-12-17,40.25,40.85,38.8,40.1,1122000,40.1
2014-12-18,40.55,41.7,40.55,41.55,589100,41.55
2014-12-19,41.8,42.6,41.8,42.15,618800,42.15
2014-12-22,42.45,42.9,42.1,42.6,340500,42.6
2014-12-23,42.2,42.95,41.25,41.45,425700,41.45
2014-12-24,41.0,43.1,41.0,42.55,659600,42.55
2014-12-25,42.55,42.55,42.55,42.55,0,42.55
2014-12-26,42.55,43.1,42.05,42.75,478800,42.75
2014-12-29,42.6,43.75,42.6,43.05,488400,43.05
2014-12-30,42.65,44.5,42.65,44.35,866200,44.35
2014-12-31,44.6,44.75,43.85,44.35,680000,44.35
2015-01-01,44.5,44.55,43.8,44.2,526300,44.2
2015-01-02,44.4,45.3,44.3,45.05,895100,45.05
2015-01-05,45.5,46.0,44.95,45.1,981500,45.1
2015-01-06,45.0,45.75,43.7,44.1,1447200,44.1
2015-01-07,44.25,44.7,43.3,44.1,856300,44.1
2015-01-08,44.7,45.65,44.45,45.4,948200,45.4
2015-01-09,45.8,46.1,44.5,44.7,713600,44.7
2015-01-12,45.0,46.9,44.55,46.75,1203000,46.75
2015-01-13,46.85,47.05,45.15,45.45,758400,45.45
2015-01-14,45.2,46.2,45.2,45.6,550900,45.6
2015-01-15,45.6,46.5,45.6,45.95,605900,45.95
2015-01-16,45.95,46.3,45.5,45.8,697700,45.8
2015-01-19,45.8,46.95,45.8,46.7,587200,46.7
2015-01-20,46.6,46.9,46.3,46.55,594800,46.55
2015-01-21,46.85,47.0,45.8,46.05,547000,46.05
2015-01-22,46.7,48.2,45.9,47.4,978400,47.4
2015-01-23,48.0,51.4,47.35,50.75,3762800,50.75
2015-01-26,50.75,50.75,50.75,50.75,0,50.75
2015-01-27,51.45,52.0,49.7,50.05,2093700,50.05
2015-01-28,50.45,50.9,48.25,49.8,2059400,49.8
2015-01-29,49.8,52.05,49.35,51.55,1908300,51.55
2015-01-30,52.1,53.1,50.6,51.9,2898700,51.9
2015-02-02,52.5,52.75,51.4,51.75,1408400,51.75
2015-02-03,51.85,52.05,49.65,49.9,975400,49.9
2015-02-04,50.0,51.3,49.0,49.9,1152600,49.9
2015-02-05,50.45,50.45,46.9,47.35,934900,47.35
2015-02-06,47.9,48.2,46.85,47.1,588600,47.1
2015-02-09,46.75,47.9,46.1,46.35,522300,46.35
2015-02-10,46.0,47.6,45.75,46.85,892000,46.85
2015-02-11,47.45,49.8,47.05,49.45,949600,49.45
2015-02-12,49.7,52.4,49.5,52.0,1425300,52.0
2015-02-13,52.8,52.8,50.75,50.95,694400,50.95
2015-02-16,51.4,52.05,49.8,50.45,768500,50.45
2015-02-17,50.45,50.45,50.45,50.45,0,50.45
2015-02-18,50.5,52.0,50.5,51.4,786500,51.4
2015-02-19,52.0,55.7,51.4,55.4,3721000,55.4
2015-02-20,56.0,56.0,54.55,54.75,1861400,54.75
2015-02-23,55.35,57.7,54.5,57.1,2754000,57.1
2015-02-24,57.05,57.9,55.35,56.75,2224000,56.75
2015-02-25,57.0,57.4,55.55,55.8,1038100,55.8
2015-02-26,56.1,56.1,54.6,54.85,843400,54.85
2015-02-27,55.1,57.55,55.1,57.4,1359700,57.4
2015-03-02,56.15,56.5,54.5,55.3,1236700,55.3
2015-03-03,56.0,57.4,55.8,57.0,1213500,57.0
2015-03-04,57.7,59.3,56.0,56.55,2746900,56.55
2015-03-05,58.5,60.0,56.65,59.35,4038800,59.35
2015-03-06,59.35,59.35,59.35,59.35,0,59.35
2015-03-09,58.4,58.4,54.65,55.05,2762700,55.05
2015-03-10,55.1,55.5,51.9,52.25,1974900,52.25
2015-03-11,52.5,53.2,50.85,51.65,1459200,51.65
2015-03-12,51.95,53.0,51.85,52.75,851100,52.75
2015-03-13,53.1,53.25,49.75,50.05,1416300,50.05
2015-03-16,50.1,51.0,49.35,50.4,954300,50.4
2015-03-17,50.9,51.1,49.6,50.45,843700,50.45
2015-03-18,50.75,50.85,49.9,50.15,693800,50.15
2015-03-19,50.55,50.8,47.8,48.1,768000,48.1
2015-03-20,47.95,48.0,46.6,47.5,1024000,47.5
2015-03-23,47.75,47.9,46.7,46.9,541700,46.9
2015-03-24,46.85,47.35,45.8,46.15,672000,46.15
2015-03-25,46.25,46.8,46.0,46.4,470700,46.4
2015-03-26,46.1,47.45,46.0,46.4,596600,46.4
2015-03-27,46.7,47.15,44.8,46.05,1151000,46.05
2015-03-30,46.45,47.7,46.3,47.5,542700,47.5
2015-03-31,47.9,48.75,46.95,47.3,943100,47.3
2015-04-01,47.0,48.0,46.55,47.75,386700,47.75
2015-04-02,47.75,47.75,47.75,47.75,0,47.75
2015-04-03,47.75,47.75,47.75,47.75,0,47.75
2015-04-06,48.05,48.05,46.75,47.4,401300,47.4
2015-04-07,47.5,48.85,47.15,48.6,705500,48.6
2015-04-08,48.6,49.5,48.2,48.6,696500,48.6
2015-04-09,49.45,50.3,49.0,49.4,1112900,49.4
2015-04-10,49.65,50.45,48.8,49.7,682700,49.7
2015-04-13,49.8,50.15,48.9,49.45,521300,49.45
2015-04-14,49.45,49.45,49.45,49.45,0,49.45
2015-04-15,49.55,50.1,48.4,48.75,463400,48.75
2015-04-16,48.8,49.2,47.8,48.0,485300,48.0
2015-04-17,48.05,48.6,47.2,47.4,490800,47.4
2015-04-20,47.7,47.7,45.25,45.55,726200,45.55
2015-04-21,46.15,46.15,44.9,45.1,766600,45.1
2015-04-22,45.3,45.75,44.4,45.45,622100,45.45
2015-04-23,45.5,45.9,44.2,44.45,672200,44.45
2015-04-24,44.3,44.5,43.15,43.6,752800,43.6
2015-04-27,43.65,43.95,42.0,42.2,664400,42.2
2015-04-28,42.25,42.75,41.3,42.35,916100,42.35
2015-04-29,42.75,43.3,42.2,42.9,526700,42.9
2015-04-30,42.9,43.25,42.3,43.0,674500,43.0
2015-05-01,43.0,43.0,43.0,43.0,0,43.0
2015-05-04,43.0,45.0,43.0,44.8,715100,44.8
2015-05-05,45.0,45.45,44.3,44.55,463900,44.55
2015-05-06,44.5,44.5,41.9,42.05,867300,42.05
2015-05-07,41.9,42.0,40.0,40.5,1135100,40.5
2015-05-08,41.1,42.1,41.0,41.7,649200,41.7
2015-05-11,42.0,44.2,41.65,43.4,1719000,43.4
2015-05-12,42.9,42.9,40.15,40.4,1517800,40.4
2015-05-13,40.8,41.5,40.2,41.1,1064900,41.1
2015-05-14,40.6,41.5,40.5,41.25,654200,41.25
2015-05-15,41.5,42.1,40.8,41.05,752500,41.05
2015-05-18,41.4,42.2,41.4,41.85,692700,41.85
2015-05-19,42.15,42.45,41.55,41.8,588000,41.8
2015-05-20,42.0,42.3,41.55,41.75,349700,41.75
2015-05-21,41.8,41.9,40.85,41.0,567300,41.0
2015-05-22,41.1,41.35,40.25,40.4,644000,40.4
2015-05-25,40.55,40.85,40.2,40.35,532000,40.35
2015-05-26,40.3,40.7,40.15,40.2,371300,40.2
2015-05-27,40.3,40.75,39.5,39.9,656600,39.9
2015-05-28,40.1,40.2,38.5,38.7,1024900,38.7
2015-05-29,38.8,39.2,38.5,38.95,974600,38.95
2015-06-01,39.25,39.25,37.1,37.35,944400,37.35
2015-06-02,37.6,37.6,36.05,36.25,1515200,36.25
2015-06-03,36.6,36.6,29.4,32.35,5831400,32.35
2015-06-04,32.95,33.4,31.4,31.9,2255300,31.9
2015-06-05,31.8,32.6,31.1,31.55,1014500,31.55
2015-06-08,31.75,31.9,29.85,30.5,1314700,30.5
2015-06-09,30.55,31.6,30.0,30.8,1219000,30.8
2015-06-10,31.0,31.35,30.4,30.8,1049800,30.8
2015-06-11,31.25,31.25,29.2,29.45,1494300,29.45
2015-06-12,29.45,29.7,28.45,29.25,1084600,29.25
2015-06-15,29.6,30.4,29.05,29.75,990000,29.75
2015-06-16,29.75,29.85,28.15,29.1,1570800,29.1
2015-06-17,29.75,29.95,29.0,29.4,1111200,29.4
2015-06-18,29.5,27.5,26.5,27.5,2522800,27.5
2015-06-19,27.9,28.15,26.95,27.55,1684200,27.55
2015-06-22,27.8,28.35,26.95,28.0,1959500,28.0
2015-06-23,28.1,29.95,27.9,29.7,2497600,29.7
2015-06-24,30.05,30.85,29.4,29.75,1876700,29.75
2015-06-25,29.75,30.9,29.35,30.6,1110300,30.6
2015-06-26,30.95,30.95,29.15,29.8,1836500,29.8
2015-06-29,29.3,29.3,27.6,28.95,1688200,28.95
2015-06-30,28.85,29.4,28.6,29.25,987700,29.25
2015-07-01,29.2,30.4,29.1,29.85,1076100,29.85
2015-07-02,30.0,30.1,29.35,29.45,812500,29.45
2015-07-03,29.7,29.75,28.75,28.95,827000,28.95
2015-07-06,28.8,30.2,28.25,29.9,1308300,29.9
2015-07-07,30.35,31.15,30.05,30.65,1938400,30.65
2015-07-08,30.5,30.5,29.5,30.0,1129000,30.0
2015-07-09,30.2,30.4,29.75,29.9,1087000,29.9
2015-07-10,30.4,30.4,28.25,28.55,2351000,28.55
2015-07-13,28.6,28.8,28.2,28.55,983700,28.55
2015-07-14,28.75,29.35,28.65,28.7,1047100,28.7
2015-07-15,28.9,29.05,27.8,28.05,1219200,28.05
2015-07-16,29.05,29.65,28.5,29.35,3432500,29.35
2015-07-17,29.5,30.5,29.25,30.1,2127800,30.1
2015-07-20,30.2,30.2,29.0,29.1,1252400,29.1
2015-07-21,28.95,29.25,27.85,28.1,1423300,28.1
2015-07-22,28.15,28.85,27.95,28.7,944000,28.7
2015-07-23,28.7,29.1,28.25,28.5,958900,28.5
2015-07-24,28.6,28.6,27.65,27.85,1334800,27.85
2015-07-27,27.65,27.9,26.95,27.05,1720400,27.05
2015-07-28,27.2,27.35,26.75,26.9,1241000,26.9
2015-07-29,27.0,27.15,26.35,26.6,1452100,26.6
2015-07-30,26.8,27.35,26.55,27.05,1118100,27.05
2015-07-31,27.3,27.7,27.1,27.4,1283800,27.4
2015-08-03,27.6,28.05,27.4,27.9,877800,27.9
2015-08-04,28.45,29.0,27.65,28.45,1675900,28.45
2015-08-05,28.5,29.45,28.3,28.65,2051400,28.65
2015-08-06,28.75,29.3,28.15,28.85,1129600,28.85
2015-08-07,28.9,29.0,28.25,28.4,829100,28.4
2015-08-10,28.5,28.95,27.45,27.75,1971700,27.75
2015-08-11,27.8,27.85,26.9,27.0,1250900,27.0
2015-08-12,27.0,27.1,25.65,25.95,1265600,25.95
2015-08-13,26.45,26.75,25.7,25.9,1170600,25.9
2015-08-14,26.1,27.0,25.95,26.85,1052900,26.85
2015-08-17,27.0,27.1,26.1,26.6,794500,26.6
2015-08-18,26.85,27.3,26.35,27.05,662000,27.05
2015-08-19,27.15,27.15,26.75,26.95,440900,26.95
2015-08-20,26.95,26.95,25.8,25.95,1163100,25.95
2015-08-21,25.7,25.85,25.15,25.6,659600,25.6
2015-08-24,25.0,25.0,20.55,21.1,3150200,21.1
2015-08-25,21.45,22.2,19.65,21.45,2894000,21.45
2015-08-26,21.55,22.05,20.55,21.7,1570600,21.7
2015-08-27,22.15,23.65,21.8,23.25,2130000,23.25
2015-08-28,23.75,23.9,21.95,22.6,1571500,22.6
2015-08-31,22.8,23.1,22.25,22.45,786100,22.45
2015-09-01,22.5,22.5,20.95,21.15,1233700,21.15
2015-09-02,21.8,21.8,20.95,21.1,962600,21.1
2015-09-03,21.7,22.2,21.3,21.95,881700,21.95
2015-09-04,21.6,21.65,20.3,20.9,1134500,20.9
2015-09-07,21.5,21.5,20.15,20.7,1235600,20.7
2015-09-08,21.0,22.1,20.75,21.75,955200,21.75
2015-09-09,21.75,22.4,21.75,22.05,1193500,22.05
2015-09-10,21.7,22.45,21.05,22.15,897700,22.15
2015-09-11,22.0,22.5,21.85,22.25,1175200,22.25
2015-09-14,22.6,23.9,22.15,23.4,2110000,23.4
2015-09-15,23.5,23.55,22.5,22.8,1204600,22.8
2015-09-16,23.35,23.5,22.85,23.4,803300,23.4
2015-09-17,23.4,23.4,23.4,23.4,0,23.4
2015-09-18,23.6,24.4,23.45,23.6,1058800,23.6
2015-09-21,23.5,24.95,23.1,24.8,1194300,24.8
2015-09-22,25.0,25.2,24.05,24.55,1015300,24.55
2015-09-23,24.2,24.95,24.1,24.7,825500,24.7
2015-09-24,24.9,25.15,24.2,24.95,1036400,24.95
2015-09-25,24.95,24.95,24.95,24.95,0,24.95
2015-09-28,25.0,25.4,24.0,24.45,819300,24.45
2015-09-29,24.0,24.7,23.6,24.45,1061200,24.45
2015-09-30,24.8,24.95,24.35,24.7,443700,24.7
2015-10-01,24.55,25.0,24.2,24.4,544800,24.4
2015-10-02,24.4,24.4,24.4,24.4,0,24.4
2015-10-05,24.9,25.15,24.4,24.95,630300,24.95
2015-10-06,25.25,26.1,25.05,25.9,1058600,25.9
2015-10-07,26.0,26.85,25.9,26.6,955500,26.6
2015-10-08,26.75,26.75,26.15,26.3,546900,26.3
2015-10-09,26.4,26.8,26.05,26.2,616000,26.2
2015-10-12,26.25,29.75,26.25,28.95,3610800,28.95
2015-10-13,29.0,29.35,28.15,28.35,1191000,28.35
2015-10-14,28.15,28.9,27.8,28.05,667900,28.05
2015-10-15,28.0,29.55,28.0,29.25,2109500,29.25
2015-10-16,29.8,29.9,29.0,29.35,1479900,29.35
2015-10-19,29.5,29.75,28.55,28.7,1011400,28.7
2015-10-20,29.0,32.0,28.5,31.2,5204400,31.2
2015-10-21,31.5,31.5,29.85,30.65,1765100,30.65
2015-10-22,30.65,30.65,30.65,30.65,0,30.65
2015-10-23,31.0,31.35,30.4,30.6,1013900,30.6
2015-10-26,30.65,31.45,29.8,29.85,1211600,29.85
2015-10-27,29.85,30.5,29.75,30.35,663100,30.35
2015-10-28,30.0,30.6,29.65,30.0,1102400,30.0
2015-10-29,30.4,31.3,30.05,30.95,1551400,30.95
2015-10-30,31.05,32.55,30.7,31.45,2250000,31.45
2015-11-02,31.85,32.0,30.9,31.6,1266800,31.6
2015-11-03,31.75,32.45,30.25,30.75,2261600,30.75
2015-11-04,30.85,31.6,30.5,30.7,1244800,30.7
2015-11-05,30.8,31.15,29.95,30.1,1964600,30.1
2015-11-06,30.5,30.7,28.35,28.8,1609100,28.8
2015-11-09,27.1,28.0,26.25,27.4,2310100,27.4
2015-11-10,27.35,27.85,26.55,26.95,1228100,26.95
2015-11-11,26.95,26.95,26.95,26.95,0,26.95
2015-11-12,26.95,26.95,26.95,26.95,0,26.95
2015-11-13,28.0,28.0,26.9,27.4,463300,27.4
2015-11-16,27.6,28.7,27.2,28.45,879000,28.45
2015-11-17,28.95,29.35,28.3,28.65,723000,28.65
2015-11-18,28.8,29.1,27.75,27.9,982700,27.9
2015-11-19,28.5,28.6,28.0,28.3,613800,28.3
2015-11-20,28.3,29.35,28.15,28.95,1637400,28.95
2015-11-23,28.95,29.5,28.85,29.3,670800,29.3
2015-11-24,29.3,29.55,29.0,29.1,511700,29.1
2015-11-25,29.1,29.1,29.1,29.1,0,29.1
2015-11-26,29.45,30.85,29.05,30.45,1022700,30.45
2015-11-27,30.2,31.7,30.2,30.7,1186300,30.7
2015-11-30,30.8,31.45,30.5,30.75,743100,30.75
2015-12-01,30.9,31.05,30.5,30.55,489300,30.55
2015-12-02,30.7,31.05,29.95,30.3,528700,30.3
2015-12-03,30.1,30.7,30.05,30.2,923200,30.2
2015-12-04,29.95,32.15,29.85,30.2,2027800,30.2
2015-12-07,30.6,30.8,30.1,30.45,688400,30.45
2015-12-08,30.2,30.3,27.3,27.55,2561200,27.55
2015-12-09,27.4,27.7,26.25,26.45,1348800,26.45
2015-12-10,26.95,27.0,26.2,26.7,889900,26.7
2015-12-11,26.7,27.0,26.0,26.2,869500,26.2
2015-12-14,26.25,27.0,25.8,26.65,650500,26.65
2015-12-15,27.0,27.25,26.9,27.05,595500,27.05
2015-12-16,27.1,27.45,26.8,26.85,743400,26.85
2015-12-17,26.5,27.6,26.5,27.5,672000,27.5
2015-12-18,27.55,28.4,27.35,28.1,917200,28.1
2015-12-21,28.0,31.2,28.0,30.7,3191400,30.7
2015-12-22,31.0,31.0,29.9,30.0,974700,30.0
2015-12-23,29.9,30.2,29.4,29.85,890900,29.85
2015-12-24,30.25,30.25,29.35,29.75,672600,29.75
2015-12-25,29.75,29.75,29.75,29.75,0,29.75
2015-12-28,30.0,30.5,29.85,30.2,613900,30.2
2015-12-29,30.2,30.6,30.15,30.45,513700,30.45
2015-12-30,29.4,32.0,29.4,31.5,2016800,31.5
2015-12-31,31.8,32.5,31.65,32.25,1944000,32.25
2016-01-01,32.25,34.3,32.25,34.0,2141300,34.0
2016-01-04,33.8,34.7,32.0,32.75,1784000,32.75
2016-01-05,32.95,34.6,32.9,34.3,1594100,34.3
2016-01-06,34.6,35.1,33.7,34.45,1446500,34.45
2016-01-07,33.85,33.85,31.4,32.05,1377200,32.05
2016-01-08,32.6,33.7,32.55,33.4,974700,33.4
2016-01-11,33.0,33.85,32.1,33.25,950700,33.25
2016-01-12,33.45,34.0,32.45,32.95,976400,32.95
2016-01-13,33.95,33.95,30.8,32.3,1442600,32.3
2016-01-14,31.2,32.4,31.0,31.2,933100,31.2
2016-01-15,31.5,31.75,29.15,29.45,1109900,29.45
2016-01-18,29.4,29.4,25.8,26.4,2696700,26.4
2016-01-19,26.4,28.3,26.2,27.4,1205200,27.4
2016-01-20,27.2,27.2,25.4,26.45,1592100,26.45
2016-01-21,27.0,27.45,25.75,26.55,786900,26.55
2016-01-22,27.4,27.85,27.0,27.75,1028900,27.75
2016-01-25,28.3,28.6,27.65,28.15,635900,28.15
2016-01-26,28.15,28.15,28.15,28.15,0,28.15
2016-01-27,28.7,29.1,28.25,28.4,819300,28.4
2016-01-28,28.5,28.75,28.0,28.35,613700,28.35
2016-01-29,28.15,28.95,28.0,28.6,581300,28.6
2016-02-01,29.0,29.4,28.4,28.6,616800,28.6
2016-02-02,28.7,28.75,27.1,27.3,706900,27.3
2016-02-03,26.75,26.95,25.75,26.1,1002400,26.1
2016-02-04,26.6,26.85,24.9,25.2,1207700,25.2
2016-02-05,25.6,26.4,25.0,26.15,974100,26.15
2016-02-08,26.15,26.8,26.0,26.1,776100,26.1
2016-02-09,25.8,26.25,25.3,26.1,559800,26.1
2016-02-10,25.95,26.1,25.2,25.8,687100,25.8
2016-02-11,25.5,25.85,23.8,24.15,993300,24.15
2016-02-12,24.55,25.2,22.45,24.8,3380800,24.8
2016-02-15,25.7,27.45,25.35,26.5,1345000,26.5
2016-02-16,27.4,28.55,26.6,27.05,2209100,27.05
2016-02-17,27.1,27.9,26.2,27.75,1078900,27.75
2016-02-18,28.0,28.55,26.8,27.6,1127900,27.6
2016-02-19,27.1,27.95,27.1,27.75,603200,27.75
2016-02-22,27.75,28.35,27.55,28.05,738400,28.05
2016-02-23,28.0,28.05,26.9,27.1,879000,27.1
2016-02-24,26.95,27.8,26.7,27.55,661900,27.55
2016-02-25,27.8,28.15,27.4,27.75,764600,27.75
2016-02-26,28.05,28.45,27.45,28.3,889400,28.3
2016-02-29,28.3,28.65,26.75,27.5,1179800,27.5
2016-03-01,27.75,28.6,27.7,28.45,574000,28.45
2016-03-02,28.5,29.85,28.5,29.15,1228400,29.15
2016-03-03,29.7,29.7,28.9,29.25,617900,29.25
2016-03-04,29.15,30.1,29.15,29.4,776200,29.4
2016-03-07,29.4,29.4,29.4,29.4,0,29.4
2016-03-08,29.6,29.95,29.2,29.65,570800,29.65
2016-03-09,29.6,30.4,29.35,30.25,765700,30.25
2016-03-10,30.25,30.5,29.7,29.9,499600,29.9
2016-03-11,29.5,30.25,29.25,29.9,713600,29.9
2016-03-14,29.85,30.3,29.75,30.05,747700,30.05
2016-03-15,29.7,30.3,29.7,29.9,636000,29.9
2016-03-16,30.05,30.1,29.4,29.85,391900,29.85
2016-03-17,30.0,30.35,29.7,29.95,399700,29.95
2016-03-18,30.1,30.45,29.9,30.3,645000,30.3
2016-03-21,30.35,31.25,30.25,31.15,563200,31.15
2016-03-22,31.1,31.65,30.85,31.45,539100,31.45
2016-03-23,31.45,32.0,31.35,31.75,343400,31.75
2016-03-24,31.75,31.75,31.75,31.75,0,31.75
2016-03-25,31.75,31.75,31.75,31.75,0,31.75
2016-03-28,31.75,32.25,29.85,30.1,1113100,30.1
2016-03-29,30.25,30.45,28.75,29.35,881100,29.35
2016-03-30,30.15,32.8,29.85,32.55,1348500,32.55
2016-03-31,32.55,35.75,32.55,34.65,2398700,34.65
2016-04-01,34.35,35.05,33.7,34.75,1195500,34.75
2016-04-04,35.2,36.1,34.9,35.15,1315400,35.15
2016-04-05,35.0,35.0,33.5,33.85,1012100,33.85
2016-04-06,33.5,34.55,32.85,34.2,892000,34.2
2016-04-07,34.5,35.85,30.2,33.2,6349000,33.2
2016-04-08,32.6,33.7,32.35,33.55,936800,33.55
2016-04-11,33.9,34.7,33.5,34.6,1186900,34.6
2016-04-12,34.55,35.35,34.1,34.7,1003300,34.7
2016-04-13,34.9,35.35,34.7,34.95,722600,34.95
2016-04-14,34.95,34.95,34.95,34.95,0,34.95
2016-04-15,34.95,34.95,34.95,34.95,0,34.95
2016-04-18,34.95,35.45,34.25,35.15,826000,35.15
2016-04-19,35.15,35.15,35.15,35.15,0,35.15
2016-04-20,35.15,35.55,34.4,34.55,908300,34.55
2016-04-21,34.1,34.7,34.1,34.35,578000,34.35
2016-04-22,34.4,34.5,33.9,34.05,411300,34.05
2016-04-25,33.7,34.05,32.75,33.0,563700,33.0
2016-04-26,33.0,33.15,32.55,32.75,557600,32.75
2016-04-27,32.75,32.95,32.2,32.35,685000,32.35
2016-04-28,32.3,32.55,31.8,32.2,550000,32.2
2016-04-29,32.0,32.55,31.35,32.05,704100,32.05
2016-05-02,31.65,32.85,31.6,32.3,550700,32.3
2016-05-03,32.5,32.9,31.5,31.7,1348700,31.7
2016-05-04,32.9,32.9,30.1,30.45,2475600,30.45
2016-05-05,30.25,30.75,29.3,30.05,1346100,30.05
2016-05-06,29.95,30.4,29.6,30.0,619800,30.0
2016-05-09,30.05,30.4,29.9,30.2,3019600,30.2
2016-05-10,30.2,31.6,29.95,30.05,4240000,30.05
2016-05-11,29.5,30.6,29.2,30.1,3113900,30.1
2016-05-12,30.45,30.6,30.0,30.25,2071500,30.25
2016-05-13,29.8,30.25,29.4,29.65,647700,29.65
2016-05-16,29.75,30.3,29.2,29.45,663600,29.45
2016-05-17,29.65,29.65,29.15,29.3,402300,29.3
2016-05-18,29.1,29.95,28.95,29.85,579200,29.85
2016-05-19,29.6,30.0,28.7,29.0,1911600,29.0
2016-05-20,29.05,29.2,28.4,28.5,683700,28.5
2016-05-23,28.6,28.65,27.95,28.0,457500,28.0
2016-05-24,28.15,28.35,27.65,28.05,424400,28.05
2016-05-25,28.2,28.85,28.2,28.6,346100,28.6
2016-05-26,29.0,31.45,28.9,31.0,1344900,31.0
2016-05-27,31.0,31.0,29.85,30.1,1920700,30.1
2016-05-30,30.15,30.5,29.75,30.15,669000,30.15
2016-05-31,30.7,30.7,29.3,29.8,697400,29.8
2016-06-01,30.05,30.5,29.55,29.75,773800,29.75
2016-06-02,30.15,30.65,30.1,30.2,737000,30.2
2016-06-03,30.45,30.45,29.55,29.7,421200,29.7
2016-06-06,29.7,29.7,28.75,29.1,620300,29.1
2016-06-07,29.3,30.15,29.15,29.95,577800,29.95
2016-06-08,30.0,31.25,29.7,30.7,805500,30.7
2016-06-09,31.15,31.5,29.7,29.9,3895700,29.9
2016-06-10,30.0,30.3,29.6,29.7,811000,29.7
2016-06-13,29.6,29.6,29.0,29.35,647800,29.35
2016-06-14,29.55,30.25,29.4,30.05,700500,30.05
2016-06-15,30.45,30.45,30.0,30.2,394300,30.2
2016-06-16,29.9,30.2,29.55,29.9,530600,29.9
2016-06-17,30.0,30.3,29.6,29.75,426900,29.75
2016-06-20,29.5,30.0,29.5,29.75,274800,29.75
2016-06-21,30.05,30.45,29.9,30.0,548200,30.0
2016-06-22,30.0,30.3,29.4,29.55,421900,29.55
2016-06-23,29.55,29.7,29.1,29.4,445500,29.4
2016-06-24,29.0,29.1,27.15,28.9,2187400,28.9
2016-06-27,28.9,29.5,28.8,29.35,507400,29.35
2016-06-28,29.35,30.65,29.35,30.45,1090700,30.45
2016-06-29,30.5,30.65,30.0,30.4,658800,30.4
2016-06-30,30.8,31.0,29.8,30.35,1724100,30.35
2016-07-01,30.8,30.8,30.0,30.1,1888200,30.1
2016-07-04,30.1,30.95,30.1,30.3,1579800,30.3
2016-07-05,30.45,30.9,30.0,30.15,1584300,30.15
2016-07-06,30.15,30.15,30.15,30.15,0,30.15
2016-07-07,30.15,30.45,29.9,29.95,668800,29.95
2016-07-08,29.55,30.05,29.15,29.25,879600,29.25
2016-07-11,29.8,29.8,29.45,29.6,399600,29.6
2016-07-12,29.7,29.7,29.1,29.4,589500,29.4
2016-07-13,30.0,30.3,29.5,29.65,1391200,29.65
2016-07-14,29.4,29.8,29.35,29.45,682600,29.45
2016-07-15,29.65,29.65,28.8,28.9,906100,28.9
2016-07-18,29.1,29.15,28.15,28.3,1029500,28.3
2016-07-19,28.7,28.7,28.1,28.4,762600,28.4
2016-07-20,28.5,28.9,28.0,28.7,307800,28.7
2016-07-21,28.8,28.8,28.25,28.35,429000,28.35
2016-07-22,28.45,28.65,28.2,28.5,504400,28.5
2016-07-25,28.5,28.5,28.3,28.45,528400,28.45
2016-07-26,28.7,29.1,28.15,28.35,1244400,28.35
2016-07-27,28.75,28.75,28.2,28.35,596900,28.35
2016-07-28,28.45,28.55,27.95,28.05,858000,28.05
2016-07-29,28.05,28.3,27.9,28.05,728100,28.05
2016-08-01,27.95,28.4,27.0,27.45,1877100,27.45
2016-08-02,27.5,27.6,26.9,27.0,946200,27.0
2016-08-03,27.0,27.05,26.25,26.5,1038900,26.5
2016-08-04,26.6,26.9,26.1,26.3,915100,26.3
2016-08-05,26.3,27.45,26.25,27.15,1453400,27.15
2016-08-08,27.35,28.3,27.25,28.05,1389500,28.05
2016-08-09,28.15,28.5,27.3,27.65,2170800,27.65
2016-08-10,27.5,27.85,26.55,26.75,1133400,26.75
2016-08-11,26.9,27.5,26.55,27.2,711200,27.2
2016-08-12,27.35,27.35,26.7,26.8,573900,26.8
2016-08-15,26.8,26.8,26.8,26.8,0,26.8
2016-08-16,26.95,27.2,26.5,27.1,658500,27.1
2016-08-17,26.95,27.85,26.95,27.65,579100,27.65
2016-08-18,27.7,28.05,27.55,27.65,427000,27.65
2016-08-19,27.75,28.2,27.55,27.95,610700,27.95
2016-08-22,28.25,28.3,27.6,28.1,448100,28.1
2016-08-23,28.1,28.35,27.8,27.9,388300,27.9
2016-08-24,27.8,28.1,27.75,28.0,306000,28.0
2016-08-25,28.15,28.3,27.25,27.55,465700,27.55
2016-08-26,27.7,27.7,26.8,27.15,644200,27.15
2016-08-29,27.2,27.25,26.7,27.15,590100,27.15
2016-08-30,27.2,27.7,27.2,27.55,443900,27.55
2016-08-31,27.45,28.1,27.25,27.7,664700,27.7
2016-09-01,27.7,27.85,26.6,26.85,593300,26.85
2016-09-02,26.95,27.3,26.75,27.2,306100,27.2
2016-09-05,27.2,27.2,27.2,27.2,0,27.2
2016-09-06,27.2,27.6,27.05,27.1,405700,27.1
2016-09-07,27.25,27.7,27.05,27.45,577600,27.45
2016-09-08,27.5,27.85,27.3,27.65,495900,27.65
2016-09-09,27.85,29.3,27.8,28.85,2702700,28.85
2016-09-12,28.0,28.7,27.1,27.35,1112500,27.35
2016-09-13,27.35,27.35,27.35,27.35,0,27.35
2016-09-14,27.3,27.9,27.25,27.8,571800,27.8
2016-09-15,27.8,27.85,27.35,27.5,375300,27.5
2016-09-16,27.5,28.0,27.2,27.6,832800,27.6
2016-09-19,27.75,27.85,27.45,27.65,473300,27.65
2016-09-20,27.8,28.25,27.75,27.9,735700,27.9
2016-09-21,27.9,28.05,27.5,27.65,362600,27.65
2016-09-22,28.0,28.1,27.55,27.9,450000,27.9
2016-09-23,27.35,28.2,27.35,27.8,575000,27.8
2016-09-26,27.9,28.0,27.45,27.55,455000,27.55
2016-09-27,27.6,27.75,27.3,27.35,377900,27.35
2016-09-28,27.3,27.55,27.25,27.4,372900,27.4
2016-09-29,27.65,27.65,24.75,25.15,1785200,25.15
2016-09-30,25.7,25.7,24.7,24.95,1260500,24.95
2016-10-03,25.35,25.9,25.1,25.7,732800,25.7
2016-10-04,25.7,26.0,25.5,25.75,495300,25.75
2016-10-05,25.8,26.0,25.65,25.7,505500,25.7
2016-10-06,25.85,26.35,25.3,25.45,927100,25.45
2016-10-07,25.65,26.45,25.25,25.9,841500,25.9
2016-10-10,25.8,26.15,25.75,25.95,410000,25.95
2016-10-11,25.95,25.95,25.95,25.95,0,25.95
2016-10-12,25.95,25.95,25.95,25.95,0,25.95
2016-10-13,25.85,25.85,25.05,25.25,606100,25.25
2016-10-14,25.35,26.5,25.2,26.05,1080500,26.05
2016-10-17,26.4,26.8,25.5,26.4,1173900,26.4
2016-10-18,26.55,27.05,26.5,26.7,977400,26.7
2016-10-19,26.7,27.3,26.6,27.05,1182400,27.05
2016-10-20,27.35,27.7,27.05,27.6,889400,27.6
2016-10-21,27.7,27.8,27.4,27.7,456400,27.7
2016-10-24,27.9,28.25,26.8,26.95,1638700,26.95
2016-10-25,26.9,27.0,25.45,25.8,3553800,25.8
2016-10-26,25.8,26.6,25.75,26.0,783600,26.0
2016-10-27,25.95,27.2,25.7,26.8,1746900,26.8
2016-10-28,26.45,27.6,26.2,27.3,2439800,27.3
2016-10-31,27.3,27.3,27.3,27.3,0,27.3
2016-11-01,27.4,27.6,27.05,27.2,704900,27.2
2016-11-02,26.65,26.95,26.5,26.55,592200,26.55
2016-11-03,26.55,26.95,26.1,26.25,617100,26.25
2016-11-04,26.45,26.45,25.2,25.4,1385700,25.4
2016-11-07,25.5,26.3,25.5,25.8,656000,25.8
2016-11-08,26.0,26.05,25.55,25.9,502200,25.9
2016-11-09,24.75,24.9,23.35,24.6,2091700,24.6
2016-11-10,25.15,26.25,25.15,25.85,1452200,25.85
2016-11-11,25.5,25.7,24.9,25.15,770500,25.15
2016-11-14,25.15,25.15,25.15,25.15,0,25.15
2016-11-15,25.1,25.1,24.25,24.35,1191600,24.35
2016-11-16,24.65,24.8,24.0,24.05,615700,24.05
2016-11-17,24.05,24.85,24.0,24.45,544500,24.45
2016-11-18,24.5,24.7,24.35,24.55,395100,24.55
2016-11-21,24.7,24.95,23.7,23.9,562800,23.9
2016-11-22,24.0,24.2,23.6,24.0,398900,24.0
2016-11-23,24.25,24.85,24.05,24.65,853700,24.65
2016-11-24,24.55,24.7,23.85,24.15,779100,24.15
2016-11-25,24.65,24.65,24.3,24.5,562300,24.5
2016-11-28,24.6,27.3,24.45,27.15,2499700,27.15
2016-11-29,27.35,28.45,26.9,28.2,2175600,28.2
2016-11-30,28.35,28.8,28.0,28.65,1555100,28.65
2016-12-01,28.65,29.7,28.25,29.1,1762600,29.1
2016-12-02,28.9,29.55,28.45,29.05,1506500,29.05
2016-12-05,29.1,31.6,28.9,31.05,3075600,31.05
2016-12-06,31.9,32.6,31.75,32.15,2907500,32.15
2016-12-07,32.45,33.95,31.2,31.8,3885700,31.8
2016-12-08,32.0,32.35,31.3,31.65,1447400,31.65
2016-12-09,31.8,32.1,31.4,31.8,943300,31.8
2016-12-12,31.85,32.75,31.55,31.95,1189900,31.95
2016-12-13,32.05,32.55,31.65,32.25,982900,32.25
2016-12-14,32.5,32.5,31.75,31.85,789000,31.85
2016-12-15,31.5,32.85,31.45,32.6,1364100,32.6
2016-12-16,32.7,32.9,31.8,32.0,891700,32.0
2016-12-19,31.95,32.15,31.4,31.5,680000,31.5
2016-12-20,31.5,31.85,30.15,30.35,1236700,30.35
2016-12-21,30.6,31.1,30.4,30.55,555200,30.55
2016-12-22,30.5,30.5,29.2,29.3,909600,29.3
2016-12-23,29.55,29.6,28.7,29.1,960600,29.1
2016-12-26,29.05,29.05,27.8,27.95,656900,27.95
2016-12-27,27.9,29.0,27.4,28.5,870300,28.5
2016-12-28,29.4,29.4,28.4,28.85,673700,28.85
2016-12-29,28.85,30.35,28.85,30.1,652700,30.1
2016-12-30,30.6,30.7,29.9,30.1,877700,30.1
2017-01-02,30.35,30.75,29.2,30.55,1262600,30.55
2017-01-03,30.5,30.9,30.2,30.7,444000,30.7
2017-01-04,30.65,31.85,30.65,31.6,1064500,31.6
2017-01-05,32.0,32.75,31.7,32.6,1393700,32.6
2017-01-06,32.25,33.0,32.2,32.65,996800,32.65
2017-01-09,32.85,33.0,32.3,32.85,656600,32.85
2017-01-10,33.05,33.6,32.9,33.5,718000,33.5
2017-01-11,33.85,35.25,33.8,35.15,1924900,35.15
2017-01-12,35.25,36.9,34.25,36.5,2754600,36.5
2017-01-13,36.45,37.3,35.8,36.15,1688200,36.15
2017-01-16,36.15,36.85,35.75,36.25,1412400,36.25
2017-01-17,36.3,37.3,36.0,36.95,1554400,36.95
2017-01-18,37.25,38.15,37.15,37.85,1837400,37.85
2017-01-19,37.9,38.9,37.6,38.75,1896400,38.75
2017-01-20,38.95,38.95,33.95,34.3,4357900,34.3
2017-01-23,34.0,35.1,33.55,34.75,2289200,34.75
2017-01-24,35.0,35.35,34.65,35.15,986200,35.15
2017-01-25,35.3,35.55,34.75,35.35,1040300,35.35
2017-01-26,35.35,35.35,35.35,35.35,0,35.35
2017-01-27,35.5,37.3,35.5,36.6,2133900,36.6
2017-01-30,36.5,36.6,35.2,36.05,1298900,36.05
2017-01-31,36.0,37.45,36.0,36.2,1763200,36.2
2017-02-01,36.5,37.05,35.15,36.85,2481100,36.85
2017-02-02,36.4,37.55,36.3,36.9,900300,36.9
2017-02-03,37.3,37.35,36.1,36.5,936300,36.5
2017-02-06,37.0,37.5,36.6,37.25,1554600,37.25
2017-02-07,37.1,37.1,36.2,36.5,473600,36.5
2017-02-08,36.5,36.95,35.85,36.5,683700,36.5
2017-02-09,36.95,37.6,36.3,36.7,1215800,36.7
2017-02-10,37.0,37.05,35.55,36.55,749900,36.55
2017-02-13,36.95,37.25,35.7,36.35,797200,36.35
2017-02-14,36.4,36.6,35.85,36.1,526400,36.1
2017-02-15,36.45,36.45,34.35,34.7,970100,34.7
2017-02-16,35.25,35.35,34.4,35.15,432300,35.15
2017-02-17,35.4,35.55,34.35,34.85,527500,34.85
